0,1.819e+08,9.8363e+08,-1.5878e+07,-11.247,7.5488,0.26872,-5.6758e+10,-2.7359e+10,2.8917e+09,11650,-41479,-4459.5,4.2848e+10,1.0007e+11,-1.1187e+09,-32293,13696,2050.9,-1.4378e+11,-4.0007e+10,-1.3888e+07,7651.5,-28751,2.0835,-1.1475e+11,-1.9629e+11,-1.3291e+09,21837,-10113,-747.96,-5.669e+11,-5.775e+11,1.5076e+10,9167.9,-8532.4,-169.77,8.2051e+10,-1.5024e+12,2.2857e+10,9113.1,496.37,-371.64,2.6251e+12,1.4027e+12,-2.8798e+10,-3259.4,5688.8,63.257,4.303e+12,-1.2422e+12,-7.3586e+10,1471.3,5253.6,-142.7,1.6555e+12,-4.735e+12,2.7796e+10,5245.4,638.51,-1607.1
3.1558e+06,1.4567e+08,1.0067e+09,-1.501e+07,-11.715,7.0898,0.28143,4.3349e+10,-4.3507e+10,-7.6158e+09,25273,36281,644.72,-6.2634e+10,8.8144e+10,4.8031e+09,-28550,-20637,1363.9,-9.4002e+10,-1.1725e+11,-8.019e+06,22793,-18660,1.5356,-4.0646e+10,-2.164e+11,-3.5694e+09,24714,-2385.6,-656.62,-5.3727e+11,-6.0369e+11,1.4521e+10,9603.5,-8065.9,-181.45,1.1079e+11,-1.5006e+12,2.1679e+10,9101.1,680.83,-374.38,2.6147e+12,1.4206e+12,-2.8598e+10,-3301,5666.3,63.713,4.3076e+12,-1.2256e+12,-7.4035e+10,1451.2,5259.4,-142.36,1.6721e+12,-4.733e+12,2.2724e+10,5239.9,654.21,-1607.2
6.3115e+06,1.0796e+08,1.0283e+09,-1.4098e+07,-12.188,6.566,0.29783,-4.2229e+10,2.8955e+10,6.1519e+09,-36727,-39047,177.35,-1.0717e+11,-8.3691e+09,6.0474e+09,2809.3,-35009,-642.85,-9.2125e+09,-1.5074e+11,-4.6717e+06,29217,-1939.1,0.53912,3.8233e+10,-2.1024e+11,-5.3764e+09,24744,6380.6,-473.65,-5.0631e+11,-6.2838e+11,1.3931e+10,10017,-7577.3,-192.73,1.3949e+11,-1.4981e+12,2.0494e+10,9085.6,865.05,-376.97,2.6042e+12,1.4385e+12,-2.8396e+10,-3342.5,5643.6,64.166,4.3122e+12,-1.209e+12,-7.4484e+10,1431.1,5265.1,-142.01,1.6886e+12,-4.7309e+12,1.7653e+10,5234.3,669.88,-1607.2
9.4673e+06,6.8785e+07,1.048e+09,-1.3133e+07,-12.62,5.9185,0.31267,2.924e+09,-6.663e+10,-5.8052e+09,39402,4341.3,-3261.3,-4.8386e+10,-9.6132e+10,1.45e+09,31051,-15761,-2008.6,7.9025e+10,-1.289e+11,-4.707e+06,24943,15348,-0.54306,1.1195e+11,-1.7628e+11,-6.474e+09,21394,14997,-210.86,-4.7408e+11,-6.5149e+11,1.3305e+10,10407,-7067.4,-203.57,1.6813e+11,-1.4951e+12,1.93e+10,9066.6,1049,-379.41,2.5936e+12,1.4563e+12,-2.8193e+10,-3383.9,5620.6,64.616,4.3166e+12,-1.1924e+12,-7.4932e+10,1411,5270.7,-141.66,1.7051e+12,-4.7288e+12,1.258e+10,5228.7,685.5,-1607.3
1.2623e+07,2.848e+07,1.0656e+09,-1.2133e+07,-12.898,5.2377,0.32012,1.7094e+10,4.3462e+10,1.8866e+09,-55004,19810,6663.4,5.652e+10,-9.2075e+10,-4.5497e+09,29660,18043,-1464.6,1.3842e+11,-5.9696e+10,-7.7852e+06,11465,27150,-1.3295,1.6979e+11,-1.1736e+11,-6.6591e+09,14773,21931,96.942,-4.4065e+11,-6.7296e+11,1.2646e+10,10773,-6537.3,-213.95,1.9671e+11,-1.4915e+12,1.8099e+10,9044,1232.5,-381.71,2.5829e+12,1.474e+12,-2.7988e+10,-3425.1,5597.3,65.064,4.3211e+12,-1.1758e+12,-7.5378e+10,1390.9,5276.2,-141.31,1.7216e+12,-4.7266e+12,7.5081e+09,5223.1,701.08,-1607.3
1.5779e+07,-1.2555e+07,1.0812e+09,-1.111e+07,-13.098,4.6211,0.32728,-3.5944e+10,-5.4276e+10,-1.2383e+09,31962,-24927,-4970.3,1.0853e+11,-7.3716e+08,-6.2996e+09,403.17,34849,454.32,1.4644e+11,3.1906e+10,-1.2478e+07,-6638.9,29023,-1.5351,2.0275e+11,-4.1133e+10,-5.871e+09,5859.3,25775,396.23,-4.0611e+11,-6.9273e+11,1.1955e+10,11113,-5987.9,-223.84,2.2521e+11,-1.4873e+12,1.6891e+10,9017.9,1415.7,-383.86,2.572e+12,1.4916e+12,-2.7782e+10,-3466.2,5573.6,65.508,4.3254e+12,-1.1591e+12,-7.5824e+10,1370.7,5281.6,-140.96,1.7381e+12,-4.7243e+12,2.4357e+09,5217.4,716.63,-1607.3
1.8935e+07,-5.4137e+07,1.0949e+09,-1.0071e+07,-13.254,4.0827,0.33129,5.1704e+10,3.5897e+09,-4.5544e+09,-11355,50863,5196.6,5.8154e+10,9.2046e+10,-2.1212e+09,-29623,18725,1965.9,9.8658e+10,1.1157e+11,-1.6762e+07,-22712,19724,-1.0588,2.0608e+11,4.1305e+10,-4.2255e+09,-3711.7,25835,632.34,-3.7054e+11,-7.1074e+11,1.1234e+10,11427,-5420.3,-233.22,2.5362e+11,-1.4826e+12,1.5677e+10,8988.2,1598.3,-385.86,2.561e+12,1.5091e+12,-2.7575e+10,-3507.1,5549.7,65.949,4.3297e+12,-1.1424e+12,-7.6268e+10,1350.5,5287,-140.6,1.7545e+12,-4.7221e+12,-2.6367e+09,5211.6,732.13,-1607.3
2.209e+07,-9.6291e+07,1.107e+09,-9.0102e+06,-13.488,3.6268,0.34265,-5.5395e+10,-1.99e+10,3.3475e+09,8290.8,-44798,-4422.4,-4.7795e+10,9.7384e+10,4.0646e+09,-31513,-15722,1602.3,1.2267e+10,1.4779e+11,-1.8482e+07,-30179,2384,0.03757,1.8042e+11,1.182e+11,-1.9849e+09,-12257,22381,769.67,-3.3402e+11,-7.2693e+11,1.0484e+10,11713,-4835.7,-242.04,2.8194e+11,-1.4772e+12,1.4456e+10,8955.1,1780.4,-387.71,2.5499e+12,1.5266e+12,-2.7366e+10,-3547.9,5525.5,66.388,4.3339e+12,-1.1257e+12,-7.6711e+10,1330.3,5292.3,-140.25,1.771e+12,-4.7197e+12,-7.709e+09,5205.9,747.59,-1607.3
2.5246e+07,-1.3935e+08,1.1177e+09,-7.9092e+06,-13.805,3.0931,0.35473,4.5136e+10,-3.6347e+10,-7.2228e+09,22721,39765,1163.8,-1.074e+11,9.3277e+09,6.2945e+09,-2898,-35043,-314.08,-7.9e+10,1.2542e+11,-1.6381e+07,-25651,-16070,1.2712,1.3105e+11,1.7989e+11,5.1885e+08,-18606,16388,799.88,-2.9664e+11,-7.4124e+11,9.707e+09,11970,-4235.2,-250.3,3.1014e+11,-1.4713e+12,1.323e+10,8918.5,1961.9,-389.41,2.5386e+12,1.544e+12,-2.7156e+10,-3588.5,5501,66.823,4.3381e+12,-1.109e+12,-7.7153e+10,1310.1,5297.5,-139.89,1.7874e+12,-4.7173e+12,-1.2781e+10,5200.1,763.01,-1607.3
2.8402e+07,-1.8341e+08,1.1265e+09,-6.772e+06,-14.119,2.472,0.36677,-4.7969e+10,1.8733e+10,5.8156e+09,-26223,-45520,-1315.1,-6.3515e+10,-8.6913e+10,2.4399e+09,28138,-20591,-1906.8,-1.3883e+11,5.3365e+10,-1.0863e+07,-11007,-27983,2.127,6.583e+10,2.2022e+11,2.9642e+09,-22272,9041.8,735.92,-2.585e+11,-7.5364e+11,8.9049e+09,12198,-3620,-257.95,3.3822e+11,-1.4648e+12,1.1998e+10,8878.3,2142.8,-390.97,2.5272e+12,1.5613e+12,-2.6944e+10,-3629,5476.2,67.255,4.3422e+12,-1.0923e+12,-7.7594e+10,1289.9,5302.6,-139.53,1.8038e+12,-4.7149e+12,-1.7853e+10,5194.2,778.4,-1607.2
3.1558e+07,-2.2839e+08,1.1331e+09,-5.6013e+06,-14.368,1.7332,0.37342,2.2209e+10,-5.7203e+10,-6.8308e+09,37719,19412,-1875.1,4.0731e+10,-9.9805e+10,-3.7543e+09,32166,13052,-1677.6,-1.4433e+11,-3.933e+10,-3.7062e+06,7542.9,-28787,2.2808,-6.7276e+09,2.3664e+11,5.0885e+09,-23293,1385.2,600.54,-2.1968e+11,-7.6408e+11,8.0796e+09,12396,-2991.5,-264.98,3.6617e+11,-1.4578e+12,1.0762e+10,8834.7,2323,-392.37,2.5157e+12,1.5786e+12,-2.6731e+10,-3669.3,5451.1,67.684,4.3463e+12,-1.0756e+12,-7.8034e+10,1269.6,5307.7,-139.16,1.8202e+12,-4.7124e+12,-2.2925e+10,5188.3,793.74,-1607.2
3.4713e+07,-2.7393e+08,1.1374e+09,-4.4219e+06,-14.477,0.99818,0.37461,-1.9422e+10,4.2372e+10,5.1216e+09,-54082,-20503,3284.9,1.0665e+11,-1.8026e+10,-6.4379e+09,5972.5,34304,125.56,-9.484e+10,-1.1678e+11,2.7656e+06,22723,-18749,1.7147,-7.8734e+10,2.2945e+11,6.7046e+09,-21988,-5816,417.64,-1.8029e+11,-7.7251e+11,7.2332e+09,12562,-2351,-271.36,3.9398e+11,-1.4502e+12,9.5222e+09,8787.6,2502.3,-393.62,2.5041e+12,1.5957e+12,-2.6517e+10,-3709.5,5425.7,68.11,4.3502e+12,-1.0588e+12,-7.8472e+10,1249.3,5312.7,-138.8,1.8365e+12,-4.7099e+12,-2.7997e+10,5182.4,809.04,-1607.1
3.7869e+07,-3.1975e+08,1.1395e+09,-3.2342e+06,-14.546,0.3021,0.3774,-1.1628e+09,-6.1922e+10,-5.0789e+09,41550,587,-3764.7,7.1876e+10,8.1566e+10,-3.0659e+09,-26187,23240,1829.6,-1.018e+10,-1.506e+11,6.6084e+06,29207,-2051.5,0.67038,-1.435e+11,2.0096e+11,7.6967e+09,-18773,-12047,208.2,-1.4043e+11,-7.789e+11,6.3676e+09,12697,-1700.1,-277.06,4.2163e+11,-1.442e+12,8.2782e+09,8737,2680.9,-394.71,2.4923e+12,1.6128e+12,-2.6301e+10,-3749.5,5400,68.533,4.3541e+12,-1.042e+12,-7.891e+10,1229,5317.6,-138.43,1.8529e+12,-4.7073e+12,-3.3069e+10,5176.4,824.3,-1607
4.1025e+07,-3.657e+08,1.1394e+09,-2.0395e+06,-14.579,-0.34787,0.38089,1.1389e+10,4.3832e+10,2.4082e+09,-57265,13276,6337.1,-3.1736e+10,1.0397e+11,3.2192e+09,-33629,-10401,1797.5,7.8127e+10,-1.2909e+11,6.8917e+06,24996,15250,-0.4729,-1.9565e+11,1.5479e+11,8.0091e+09,-14066,-16971,-10.438,-1.0019e+11,-7.8323e+11,5.4852e+09,12798,-1040.1,-282.06,4.4912e+11,-1.4333e+12,7.0311e+09,8683,2858.5,-395.66,2.4804e+12,1.6298e+12,-2.6085e+10,-3789.3,5374.1,68.952,4.358e+12,-1.0252e+12,-7.9346e+10,1208.6,5322.4,-138.06,1.8692e+12,-4.7047e+12,-3.814e+10,5170.4,839.52,-1606.9
4.4181e+07,-4.1184e+08,1.1373e+09,-8.2e+05,-14.663,-1.0066,0.39142,-1.6569e+10,-5.7917e+10,-3.3442e+09,40442,-12799,-4756.7,-1.0481e+11,2.6697e+10,6.3746e+09,-8531.9,-34148,23.355,1.3777e+11,-6.0139e+10,3.9439e+06,11563,27099,-1.3144,-2.3112e+11,9.547e+10,7.6365e+09,-8261.4,-20352,-223.7,-5.969e+10,-7.8546e+11,4.5882e+09,12866,-372.68,-286.34,4.7643e+11,-1.424e+12,5.7812e+09,8625.5,3035.2,-396.45,2.4684e+12,1.6467e+12,-2.5866e+10,-3829,5347.8,69.369,4.3618e+12,-1.0084e+12,-7.9781e+10,1188.3,5327.2,-137.69,1.8855e+12,-4.702e+12,-4.321e+10,5164.3,854.69,-1606.7
4.7336e+07,-4.5818e+08,1.1329e+09,4.2554e+05,-14.689,-1.7339,0.39741,2.8541e+10,3.6238e+10,2.0871e+08,-47134,32179,6952.5,-7.6992e+10,-7.5503e+10,3.3654e+09,24488,-24892,-1755.1,1.4613e+11,3.1404e+10,-7.464e+05,-6530.5,29039,-1.5372,-2.4704e+11,2.8155e+10,6.6167e+09,-1737.4,-22009,-418.48,-1.9027e+10,-7.8558e+11,3.6787e+09,12899,300.55,-289.88,5.0355e+11,-1.4141e+12,4.5291e+09,8564.6,3210.9,-397.09,2.4562e+12,1.6636e+12,-2.5647e+10,-3868.5,5321.3,69.782,4.3655e+12,-9.9162e+11,-8.0215e+10,1167.9,5331.8,-137.32,1.9018e+12,-4.6993e+12,-4.8281e+10,5158.2,869.83,-1606.6
5.0492e+07,-5.045e+08,1.1263e+09,1.69e+06,-14.657,-2.4727,0.40247,-2.6059e+10,-5.1938e+10,-1.9902e+09,38076,-21816,-5276.3,2.3898e+10,-1.0502e+11,-2.863e+09,33845,7727.2,-1847.5,9.8643e+10,1.1122e+11,-4.9686e+06,-22636,19803,-1.0196,-2.4174e+11,-4.1459e+10,5.0283e+09,5109.9,-21785,-581.77,2.1686e+10,-7.8356e+11,2.7594e+09,12898,977.9,-292.66,5.3048e+11,-1.4037e+12,3.2752e+09,8500.3,3385.5,-397.57,2.444e+12,1.6803e+12,-2.5426e+10,-3907.8,5294.4,70.192,4.3691e+12,-9.7479e+11,-8.0648e+10,1147.5,5336.4,-136.94,1.9181e+12,-4.6965e+12,-5.335e+10,5152.1,884.93,-1606.4
5.3648e+07,-5.5056e+08,1.1174e+09,2.9549e+06,-14.512,-3.1905,0.39842,3.5132e+10,3.0471e+10,-8.7173e+08,-40024,39208,6874.7,1.0202e+11,-3.489e+10,-6.4103e+09,11373,32878,-205.55,1.239e+10,1.4775e+11,-6.5672e+06,-30171,2493.5,0.072261,-2.1492e+11,-1.0722e+11,2.9925e+09,11826,-19550,-699.7,6.234e+10,-7.794e+11,1.8325e+09,12861,1657.6,-294.65,5.572e+11,-1.3927e+12,2.02e+09,8432.6,3559,-397.9,2.4316e+12,1.697e+12,-2.5204e+10,-3947,5267.3,70.599,4.3727e+12,-9.5794e+11,-8.1079e+10,1127.1,5340.9,-136.56,1.9343e+12,-4.6937e+12,-5.842e+10,5145.9,899.98,-1606.3
5.6804e+07,-5.9611e+08,1.1063e+09,4.2104e+06,-14.365,-3.8093,0.39711,-2.8894e+10,-4.8532e+10,-1.456e+09,37175,-25307,-5478.8,8.3692e+10,6.8902e+10,-3.9296e+09,-22076,27129,1645.8,-7.8967e+10,1.2571e+11,-4.3617e+06,-25715,-15978,1.3045,-1.6783e+11,-1.6266e+11,6.758e+08,17850,-15237,-757.11,1.0282e+11,-7.731e+11,9.0053e+08,12788,2337.8,-295.84,5.837e+11,-1.3812e+12,7.6399e+08,8361.6,3731.4,-398.07,2.419e+12,1.7136e+12,-2.498e+10,-3986,5239.9,71.002,4.3763e+12,-9.4108e+11,-8.151e+10,1106.7,5345.4,-136.19,1.9506e+12,-4.6908e+12,-6.3488e+10,5139.7,915,-1606.1
5.9959e+07,-6.4124e+08,1.0933e+09,5.4588e+06,-14.239,-4.4038,0.39465,3.4937e+10,3.0078e+10,-8.898e+08,-39771,39181,6849.5,-1.4851e+10,1.0773e+11,2.2887e+09,-34846,-4810.6,1944.5,-1.3907e+11,5.3861e+10,1.2688e+06,-11114,-27950,2.1657,-1.0371e+11,-2.0127e+11,-1.7061e+09,22489,-8921.8,-738.58,1.4301e+11,-7.6465e+11,-3.3881e+07,12679,3016.7,-296.22,6.0997e+11,-1.3692e+12,-4.9228e+08,8287.1,3902.4,-398.08,2.4064e+12,1.7301e+12,-2.4756e+10,-4024.8,5212.2,71.402,4.3797e+12,-9.242e+11,-8.1939e+10,1086.3,5349.7,-135.8,1.9668e+12,-4.6879e+12,-6.8556e+10,5133.4,929.97,-1605.8
6.3115e+07,-6.8608e+08,1.0785e+09,6.7126e+06,-14.196,-5.0185,0.40003,-2.4291e+10,-4.9604e+10,-1.9694e+09,39738,-22237,-5462.8,-9.9458e+10,4.3303e+10,6.2859e+09,-13948,-32346,360.71,-1.4493e+11,-3.8841e+10,8.5568e+06,7434.6,-28824,2.3249,-2.8191e+10,-2.1722e+11,-3.8925e+09,24939,-955.97,-631.72,1.8281e+11,-7.5406e+11,-9.6818e+08,12534,3692.4,-295.77,6.36e+11,-1.3566e+12,-1.7483e+09,8209.3,4072.2,-397.94,2.3936e+12,1.7465e+12,-2.453e+10,-4063.4,5184.2,71.799,4.3831e+12,-9.0732e+11,-8.2367e+10,1065.8,5354,-135.42,1.983e+12,-4.685e+12,-7.3624e+10,5127.1,944.9,-1605.6
6.6271e+07,-7.3078e+08,1.0615e+09,7.9776e+06,-14.111,-5.7566,0.40125,2.7117e+10,3.6087e+10,3.1553e+08,-47502,31264,6911.8,-8.8466e+10,-6.2184e+10,4.2031e+09,20190,-28556,-1557.3,-9.5729e+10,-1.165e+11,1.5178e+07,22653,-18842,1.7666,5.0558e+10,-2.0637e+11,-5.5968e+09,24421,7882.2,-433.79,2.2208e+11,-7.4135e+11,-1.8997e+09,12352,4362.7,-294.48,6.6178e+11,-1.3435e+12,-3.0037e+09,8128.2,4240.6,-397.65,2.3808e+12,1.7628e+12,-2.4302e+10,-4101.9,5156,72.192,4.3864e+12,-8.9041e+11,-8.2794e+10,1045.3,5358.2,-135.03,1.9991e+12,-4.682e+12,-7.869e+10,5120.8,959.79,-1605.4
6.9427e+07,-7.7508e+08,1.0421e+09,9.2476e+06,-13.945,-6.557,0.40196,-1.367e+10,-5.2434e+10,-3.1776e+09,44082,-12706,-5082.4,6.4559e+09,-1.076e+11,-1.8988e+09,34658,2198.6,-1970.2,-1.1192e+10,-1.5065e+11,1.9186e+07,29201,-2166.4,0.71242,1.2233e+11,-1.6787e+11,-6.5501e+09,20486,16326,-160.28,2.6073e+11,-7.2653e+11,-2.8259e+09,12134,5025.8,-292.34,6.873e+11,-1.3298e+12,-4.2579e+09,8043.8,4407.6,-397.19,2.3677e+12,1.779e+12,-2.4074e+10,-4140.2,5127.4,72.582,4.3897e+12,-8.735e+11,-8.3219e+10,1024.8,5362.3,-134.65,2.0153e+12,-4.6789e+12,-8.3756e+10,5114.4,974.64,-1605.1
7.2582e+07,-8.1858e+08,1.0201e+09,1.0503e+07,-13.598,-7.3548,0.3934,9.3499e+09,4.285e+10,2.4958e+09,-57396,10770,6144.9,9.4771e+10,-5.0907e+10,-6.2182e+09,16471,30610,-530.71,7.7198e+10,-1.295e+11,1.9525e+07,25053,15150,-0.4776,1.7649e+11,-1.0539e+11,-6.5689e+09,13383,22821,150.12,2.9863e+11,-7.0964e+11,-3.7439e+09,11879,5679.6,-289.34,7.1255e+11,-1.3157e+12,-5.5105e+09,7956.1,4573,-396.58,2.3546e+12,1.7951e+12,-2.3844e+10,-4178.3,5098.6,72.969,4.3929e+12,-8.5657e+11,-8.3643e+10,1004.3,5366.3,-134.26,2.0314e+12,-4.6758e+12,-8.8821e+10,5108,989.44,-1604.8
7.5738e+07,-8.6086e+08,9.9583e+08,1.1735e+07,-13.182,-8.0489,0.38624,5.8752e+09,-5.2687e+10,-4.9929e+09,45865,5769.3,-3736.1,9.3326e+10,5.4385e+10,-4.6908e+09,-17402,30297,1419.7,1.371e+11,-6.0789e+10,1.6514e+07,11665,27048,-1.3465,2.0462e+11,-2.7306e+10,-5.6219e+09,4231.7,26044,442.17,3.3567e+11,-6.907e+11,-4.6511e+09,11588,6321.9,-285.48,7.3751e+11,-1.301e+12,-6.7608e+09,7865.2,4737,-395.81,2.3414e+12,1.8112e+12,-2.3613e+10,-4216.2,5069.5,73.352,4.396e+12,-8.3963e+11,-8.4067e+10,983.78,5370.3,-133.86,2.0475e+12,-4.6727e+12,-9.3885e+10,5101.6,1004.2,-1604.6
7.8894e+07,-9.0172e+08,9.6948e+08,1.2939e+07,-12.723,-8.6232,0.37874,-1.8748e+10,3.8941e+10,4.7529e+09,-53633,-24648,2905.7,2.4403e+09,1.0858e+11,1.2969e+09,-35135,900.53,2039.6,1.458e+11,3.0698e+10,1.1703e+07,-6419.5,29055,-1.5793,2.0283e+11,5.495e+10,-3.8537e+09,-5274.2,25461,663.2,3.7173e+11,-6.6975e+11,-5.5448e+09,11260,6950.7,-280.76,7.6218e+11,-1.2858e+12,-8.0085e+09,7771,4899.3,-394.89,2.328e+12,1.8271e+12,-2.3381e+10,-4253.9,5040.1,73.732,4.3991e+12,-8.2267e+11,-8.4488e+10,963.23,5374.2,-133.47,2.0636e+12,-4.6695e+12,-9.8948e+10,5095.1,1018.9,-1604.3
8.205e+07,-9.4128e+08,9.4143e+08,1.4133e+07,-12.349,-9.1592,0.37689,3.2945e+10,-3.7458e+10,-6.2321e+09,34532,33756,-409.31,-9.1451e+10,5.8713e+10,6.0299e+09,-19004,-29680,689.16,9.8628e+10,1.1067e+11,7.3507e+06,-22557,19880,-1.0577,1.7269e+11,1.2981e+11,-1.5446e+09,-13509,21495,782.12,4.067e+11,-6.4684e+11,-6.4223e+09,10897,7563.8,-275.19,7.8655e+11,-1.2701e+12,-9.253e+09,7673.6,5059.9,-393.8,2.3145e+12,1.843e+12,-2.3148e+10,-4291.4,5010.4,74.108,4.4021e+12,-8.0571e+11,-8.4909e+10,942.67,5378,-133.08,2.0797e+12,-4.6662e+12,-1.0401e+11,5088.6,1033.6,-1603.9
8.5206e+07,-9.7966e+08,9.1168e+08,1.5318e+07,-11.989,-9.6985,0.37578,-4.3971e+10,5.9578e+09,4.3713e+09,-11313,-55491,-3496.7,-9.7625e+10,-4.7289e+10,4.9308e+09,15350,-31488,-1318.1,1.2527e+10,1.475e+11,5.6506e+06,-30157,2601.6,0.046984,1.2004e+11,1.8815e+11,9.7038e+08,-19418,15190,794.96,4.4047e+11,-6.2203e+11,-7.2808e+09,10500,8159,-268.75,8.1061e+11,-1.2538e+12,-1.0494e+10,7573,5218.9,-392.56,2.3009e+12,1.8588e+12,-2.2914e+10,-4328.8,4980.5,74.481,4.4051e+12,-7.8873e+11,-8.5328e+10,922.09,5381.7,-132.68,2.0957e+12,-4.663e+12,-1.0907e+11,5082,1048.3,-1603.6
8.8361e+07,-1.0169e+09,8.801e+08,1.6496e+07,-11.604,-10.32,0.36876,4.542e+10,5.4405e+09,-3.8706e+09,-9552.1,51593,5092.3,-1.114e+10,-1.0746e+11,-8.8617e+08,34586,-3395.1,-2042.6,-7.8902e+10,1.2579e+11,7.7993e+06,-25772,-15886,1.2933,5.2993e+10,2.2447e+11,3.3772e+09,-22621,7726,717.12,4.7293e+11,-5.9537e+11,-8.1176e+09,10068,8734.2,-261.47,8.3435e+11,-1.2371e+12,-1.173e+10,7469.3,5376,-391.16,2.2872e+12,1.8744e+12,-2.2678e+10,-4365.9,4950.3,74.85,4.4079e+12,-7.7174e+11,-8.5746e+10,901.5,5385.4,-132.28,2.1118e+12,-4.6596e+12,-1.1413e+11,5075.5,1062.9,-1603.3
9.1517e+07,-1.0528e+09,8.466e+08,1.7646e+07,-11.147,-10.915,0.35952,-2.2999e+10,-4.0091e+10,-1.3144e+09,44026,-27793,-6309.5,8.5108e+10,-6.5661e+10,-5.867e+09,21139,27566,-841.69,-1.3927e+11,5.4147e+10,1.3409e+07,-11218,-27915,2.1613,-1.9985e+10,2.3676e+11,5.4258e+09,-23220,101.01,572.05,5.0398e+11,-5.6693e+11,-8.9302e+09,9602.5,9287.3,-253.35,8.5775e+11,-1.2199e+12,-1.2962e+10,7362.4,5531.2,-389.6,2.2734e+12,1.89e+12,-2.2441e+10,-4402.9,4919.8,75.215,4.4108e+12,-7.5474e+11,-8.6163e+10,880.89,5388.9,-131.88,2.1278e+12,-4.6562e+12,-1.1919e+11,5068.8,1077.4,-1602.9
9.4673e+07,-1.0872e+09,8.1123e+08,1.8755e+07,-10.595,-11.474,0.34372,-3.5332e+08,4.1927e+10,3.3113e+09,-58279,-2191.4,5167.3,1.0054e+11,3.8418e+10,-5.3293e+09,-12293,32666,1157.6,-1.4547e+11,-3.8556e+10,2.0671e+07,7329.4,-28860,2.3096,-9.1185e+10,2.2571e+11,6.9418e+09,-21562,-6965.9,383.26,5.335e+11,-5.3678e+11,-9.7158e+09,9105,9816.2,-244.41,8.8081e+11,-1.2022e+12,-1.4189e+10,7252.4,5684.5,-387.88,2.2594e+12,1.9055e+12,-2.2203e+10,-4439.7,4889,75.577,4.4135e+12,-7.3773e+11,-8.6579e+10,860.26,5392.4,-131.47,2.1437e+12,-4.6528e+12,-1.2425e+11,5062.2,1091.9,-1602.5
9.7829e+07,-1.1198e+09,7.7425e+08,1.9824e+07,-10.063,-11.967,0.33246,3.462e+10,-2.8921e+10,-5.6851e+09,32139,40019,322.47,1.9669e+10,1.0651e+11,2.7131e+08,-34490,6572.3,2080.4,-9.655e+10,-1.1643e+11,2.7192e+07,22588,-18934,1.7128,-1.5414e+11,1.9389e+11,7.8203e+09,-18064,-12996,171.12,5.6141e+11,-5.05e+11,-1.0472e+10,8576.4,10319,-234.66,9.0352e+11,-1.184e+12,-1.541e+10,7139.3,5835.8,-386.01,2.2453e+12,1.9209e+12,-2.1964e+10,-4476.2,4857.9,75.936,4.4162e+12,-7.2071e+11,-8.6993e+10,839.62,5395.8,-131.07,2.1597e+12,-4.6494e+12,-1.293e+11,5055.5,1106.4,-1602.1
1.0098e+08,-1.1507e+09,7.3578e+08,2.0858e+07,-9.5399,-12.414,0.32556,-3.99e+10,-1.3906e+10,2.3789e+09,16716,-54653,-5998.9,-8.0997e+10,7.2516e+10,5.6135e+09,-23557,-26218,999.5,-1.2125e+10,-1.5092e+11,3.0954e+07,29197,-2281.4,0.61892,-2.037e+11,1.4511e+11,8.015e+09,-13144,-17672,-47.583,5.876e+11,-4.7168e+11,-1.1196e+10,8018.1,10793,-224.14,9.2587e+11,-1.1654e+12,-1.6625e+10,7023.2,5985.1,-383.98,2.2312e+12,1.9361e+12,-2.1724e+10,-4512.6,4826.6,76.291,4.4188e+12,-7.0367e+11,-8.7406e+10,818.97,5399.1,-130.66,2.1757e+12,-4.6458e+12,-1.3436e+11,5048.7,1120.8,-1601.7
1.0414e+08,-1.1799e+09,6.958e+08,2.1873e+07,-9.004,-12.924,0.31711,1.8008e+10,3.7556e+10,1.2738e+09,-52084,22705,6633.7,-1.0421e+11,-3.1194e+10,5.5294e+09,10090,-33602,-1043.4,7.6358e+10,-1.3011e+11,3.0989e+07,25114,15051,-0.57793,-2.3601e+11,8.4008e+10,7.5281e+09,-7189.2,-20773,-258.62,6.1199e+11,-4.3691e+11,-1.1886e+10,7431.6,11237,-212.85,9.4785e+11,-1.1463e+12,-1.7834e+10,6904.1,6132.3,-381.79,2.2169e+12,1.9513e+12,-2.1483e+10,-4548.7,4795,76.642,4.4214e+12,-6.8663e+11,-8.7818e+10,798.3,5402.4,-130.25,2.1916e+12,-4.6423e+12,-1.3941e+11,5042,1135.2,-1601.3
1.073e+08,-1.2075e+09,6.542e+08,2.2864e+07,-8.4161,-13.455,0.3087,2.8781e+10,-3.151e+10,-5.3563e+09,39115,35953,-649.47,-2.8432e+10,-1.0461e+11,1.4917e+08,33624,-8915.7,-2062.6,1.3653e+11,-6.1641e+10,2.7639e+07,11770,26998,-1.4606,-2.4839e+11,1.5844e+10,6.4045e+09,-580.29,-22121,-448.97,6.3448e+11,-4.0079e+11,-1.2539e+10,6818.6,11649,-200.84,9.6944e+11,-1.1267e+12,-1.9035e+10,6781.9,6277.2,-379.44,2.2025e+12,1.9664e+12,-2.124e+10,-4584.7,4763.2,76.99,4.4238e+12,-6.6958e+11,-8.8228e+10,777.62,5405.6,-129.84,2.2075e+12,-4.6387e+12,-1.4447e+11,5035.2,1149.6,-1600.8
1.1045e+08,-1.2329e+09,6.1096e+08,2.3814e+07,-7.6933,-13.927,0.29454,-3.7733e+10,-1.5099e+10,2.0882e+09,20487,-54682,-6347,7.3293e+10,-7.878e+10,-5.3663e+09,25266,23820,-1131,1.4559e+11,2.9792e+10,2.2455e+07,-6304,29072,-1.6997,-2.394e+11,-5.3602e+10,4.7299e+09,6279.9,-21563,-605.55,6.55e+11,-3.6343e+11,-1.3153e+10,6180.7,12026,-188.13,9.9065e+11,-1.1067e+12,-2.0228e+10,6656.8,6420,-376.93,2.1879e+12,1.9814e+12,-2.0997e+10,-4620.4,4731,77.333,4.4263e+12,-6.5251e+11,-8.8637e+10,756.93,5408.6,-129.42,2.2234e+12,-4.635e+12,-1.4952e+11,5028.3,1163.9,-1600.4
1.1361e+08,-1.2559e+09,5.6636e+08,2.4712e+07,-6.8853,-14.301,0.27414,3.3795e+09,4.0024e+10,2.8238e+09,-58054,3401.8,5604.2,1.0517e+11,2.1416e+10,-5.8302e+09,-6883.2,34183,866.42,9.8742e+10,1.0992e+11,1.7728e+07,-22474,19960,-1.1739,-2.0898e+11,-1.1811e+11,2.6329e+09,12921,-18976,-714.24,6.7347e+11,-3.2493e+11,-1.3725e+10,5520.1,12369,-174.77,1.0115e+12,-1.0862e+12,-2.1414e+10,6528.7,6560.4,-374.27,2.1733e+12,1.9963e+12,-2.0752e+10,-4656,4698.6,77.674,4.4286e+12,-6.3544e+11,-8.9045e+10,736.22,5411.7,-129.01,2.2392e+12,-4.6313e+12,-1.5457e+11,5021.5,1178.1,-1599.9
1.1676e+08,-1.2764e+09,5.2086e+08,2.5553e+07,-6.1219,-14.534,0.25745,3.9217e+10,-1.0419e+10,-4.5829e+09,14012,52825,3032.3,3.6403e+10,1.0158e+11,-7.6168e+08,-32936,12055,2066.1,1.2808e+10,1.4707e+11,1.5672e+07,-30139,2713.2,-0.061391,-1.5869e+11,-1.7118e+11,2.884e+08,18763,-14311,-759.76,6.8982e+11,-2.854e+11,-1.4255e+10,4838.7,12673,-160.78,1.0319e+12,-1.0652e+12,-2.259e+10,6397.8,6698.5,-371.45,2.1585e+12,2.011e+12,-2.0507e+10,-4691.3,4665.9,78.01,4.4309e+12,-6.1836e+11,-8.9451e+10,715.5,5414.6,-128.59,2.255e+12,-4.6276e+12,-1.5962e+11,5014.6,1192.3,-1599.4
1.1992e+08,-1.2946e+09,4.7477e+08,2.6345e+07,-5.4473,-14.676,0.24616,-1.3463e+10,-3.7194e+10,-1.9356e+09,54014,-19774,-6569.7,-6.8355e+10,8.4349e+10,5.0472e+09,-27483,-22055,1283.3,-7.8683e+10,1.2569e+11,1.754e+07,-25827,-15791,1.2368,-9.2148e+10,-2.0636e+11,-2.0798e+09,23088,-7680.7,-726.9,7.0399e+11,-2.4498e+11,-1.474e+10,4138.8,12940,-146.23,1.0518e+12,-1.0439e+12,-2.3758e+10,6264,6834.1,-368.47,2.1437e+12,2.0257e+12,-2.026e+10,-4726.4,4633,78.343,4.4331e+12,-6.0127e+11,-8.9856e+10,694.77,5417.4,-128.17,2.2709e+12,-4.6238e+12,-1.6466e+11,5007.6,1206.5,-1598.9
1.2307e+08,-1.3108e+09,4.2816e+08,2.7101e+07,-4.8312,-14.859,0.23496,-3.4279e+10,1.7641e+10,4.4578e+09,-27824,-54110,-1868.4,-1.0802e+11,-1.4309e+10,5.9821e+09,4546.3,-34836,-740.37,-1.3931e+11,5.4266e+10,2.3042e+07,-11319,-27878,2.1345,-1.5418e+10,-2.1801e+11,-4.2047e+09,25084,501.15,-604.38,7.1592e+11,-2.0378e+11,-1.5177e+10,3422.8,13166,-131.14,1.0714e+12,-1.0221e+12,-2.4916e+10,6127.3,6967.3,-365.34,2.1287e+12,2.0403e+12,-2.0012e+10,-4761.3,4599.8,78.672,4.4353e+12,-5.8417e+11,-9.026e+10,674.03,5420.2,-127.75,2.2867e+12,-4.62e+12,-1.6971e+11,5000.7,1220.7,-1598.4
1.2623e+08,-1.3251e+09,3.8084e+08,2.7823e+07,-4.2102,-15.135,0.22077,1.7929e+10,3.4311e+10,1.0343e+09,-51486,26132,6859.3,-4.4967e+10,-9.9089e+10,1.1806e+09,31790,-14224,-2029.4,-1.4584e+11,-3.8436e+10,3.0172e+07,7228.3,-28895,2.2453,6.2923e+10,-2.0245e+11,-5.7991e+09,24005,9373.6,-391.96,7.2557e+11,-1.6192e+11,-1.5567e+10,2692.9,13351,-115.57,1.0905e+12,-9.9992e+11,-2.6064e+10,5987.8,7097.9,-362.05,2.1136e+12,2.0548e+12,-1.9763e+10,-4796,4566.3,78.997,4.4374e+12,-5.6706e+11,-9.0663e+10,653.27,5422.9,-127.33,2.3024e+12,-4.6161e+12,-1.7475e+11,4993.7,1234.8,-1597.9
1.2939e+08,-1.3374e+09,3.3264e+08,2.8497e+07,-3.508,-15.426,0.20349,3.6333e+10,-1.1015e+10,-4.3543e+09,16863,54223,2885.3,5.963e+10,-8.9925e+10,-4.7285e+09,28749,19463,-1391.5,-9.7183e+10,-1.1651e+11,3.6392e+07,22527,-19023,1.5843,1.3245e+11,-1.5952e+11,-6.6034e+09,19493,17599,-108.89,7.3291e+11,-1.1956e+11,-1.5906e+10,1951.9,13494,-99.583,1.1092e+12,-9.7732e+11,-2.7201e+10,5845.5,7225.9,-358.6,2.0984e+12,2.0691e+12,-1.9513e+10,-4830.4,4532.6,79.318,4.4394e+12,-5.4994e+11,-9.1064e+10,632.5,5425.5,-126.9,2.3182e+12,-4.6122e+12,-1.7979e+11,4986.6,1248.8,-1597.4
1.3254e+08,-1.3472e+09,2.8362e+08,2.9107e+07,-2.6995,-15.636,0.18336,-1.8385e+09,-3.7282e+10,-2.9956e+09,58980,-2241.5,-5592.2,1.0712e+11,3.8188e+09,-6.1812e+09,-1306.7,34816,553.6,-1.2857e+10,-1.5132e+11,3.9645e+07,29197,-2391.3,0.42728,1.8273e+11,-9.3707e+10,-6.456e+09,11943,23619,202.48,7.3788e+11,-7.6803e+10,-1.6195e+10,1202.2,13594,-83.223,1.1274e+12,-9.5432e+11,-2.8327e+10,5700.5,7351.3,-355,2.0831e+12,2.0834e+12,-1.9263e+10,-4864.7,4498.6,79.635,4.4414e+12,-5.3281e+11,-9.1464e+10,611.72,5428,-126.47,2.3339e+12,-4.6082e+12,-1.8483e+11,4979.6,1262.8,-1596.8
1.357e+08,-1.3543e+09,2.3409e+08,2.9649e+07,-1.8397,-15.724,0.16283,-3.5926e+10,-9.3376e+09,2.4187e+09,15523,-59375,-6274.6,5.2226e+10,9.3948e+10,-1.7755e+09,-30518,17209,1997.5,7.5723e+10,-1.3085e+11,3.9e+07,25175,14957,-0.81348,2.0593e+11,-1.4088e+10,-5.3552e+09,2606.2,26208,485.79,7.4049e+11,-3.3803e+10,-1.6431e+10,446.7,13651,-66.55,1.1451e+12,-9.3093e+11,-2.9441e+10,5552.9,7473.9,-351.25,2.0677e+12,2.0975e+12,-1.9011e+10,-4898.7,4464.3,79.949,4.4433e+12,-5.1568e+11,-9.1862e+10,590.94,5430.5,-126.05,2.3496e+12,-4.6042e+12,-1.8987e+11,4972.5,1276.8,-1596.2
1.3885e+08,-1.3588e+09,1.8441e+08,3.0132e+07,-1.016,-15.724,0.14532,-2.232e+10,2.9029e+10,4.31e+09,-48635,-37532,1395.6,-5.3845e+10,9.3915e+10,4.3454e+09,-30677,-17304,1532.9,1.3616e+11,-6.261e+10,3.4873e+07,11875,26950,-1.713,1.9912e+11,6.7676e+10,-3.4731e+09,-6787.8,25000,690.91,7.407e+11,9.3066e+09,-1.6615e+10,-311.98,13663,-49.624,1.1624e+12,-9.0715e+11,-3.0543e+10,5402.5,7593.8,-347.34,2.0522e+12,2.1115e+12,-1.8758e+10,-4932.5,4429.8,80.259,4.4451e+12,-4.9854e+11,-9.2259e+10,570.14,5432.9,-125.62,2.3653e+12,-4.6002e+12,-1.9491e+11,4965.3,1290.7,-1595.7
1.4201e+08,-1.3608e+09,1.3483e+08,3.0571e+07,-0.25955,-15.697,0.13161,1.2969e+10,3.3684e+10,1.4576e+09,-55587,21625,6867.5,-1.0893e+11,2.9314e+09,6.2758e+09,-1129.9,-35152,-417.06,1.4558e+11,2.8774e+10,2.8904e+07,-6188.2,29091,-1.9396,1.6469e+11,1.4027e+11,-1.1056e+09,-14683,20553,791.37,7.3852e+11,5.2386e+10,-1.6744e+10,-1071,13632,-32.507,1.1792e+12,-8.83e+11,-3.1633e+10,5249.6,7710.8,-343.28,2.0366e+12,2.1255e+12,-1.8504e+10,-4966,4395,80.564,4.4469e+12,-4.8139e+11,-9.2655e+10,549.33,5435.2,-125.18,2.3809e+12,-4.5961e+12,-1.9994e+11,4958.2,1304.6,-1595.1
1.4516e+08,-1.3605e+09,8.536e+07,3.097e+07,0.47963,-15.671,0.11776,3.3439e+10,1.0743e+10,-2.2902e+09,-17419,56675,6230.6,-6.0273e+10,-9.1022e+10,2.1796e+09,29131,-19174,-1943.8,9.9062e+10,1.0907e+11,2.3482e+07,-22389,20042,-1.3687,1.0904e+11,1.9515e+11,1.4111e+09,-20142,13969,787.31,7.3394e+11,9.5296e+10,-1.682e+10,-1827.7,13556,-15.261,1.1956e+12,-8.5849e+11,-3.271e+10,5094.1,7825,-339.06,2.0209e+12,2.1393e+12,-1.825e+10,-4999.3,4360,80.866,4.4486e+12,-4.6423e+11,-9.3049e+10,528.51,5437.4,-124.75,2.3966e+12,-4.5919e+12,-2.0497e+11,4951,1318.4,-1594.5
1.4832e+08,-1.3578e+09,3.6012e+07,3.1317e+07,1.2553,-15.616,0.099911,3.0245e+10,-1.5971e+10,-4.1757e+09,28210,53530,1788.2,4.4509e+10,-9.8772e+10,-3.9718e+09,31495,14611,-1616.3,1.3298e+10,1.4653e+11,2.0919e+07,-30119,2827.3,-0.18662,4.0438e+10,2.2743e+11,3.7718e+09,-22885,6414.6,696.26,7.2699e+11,1.379e+11,-1.6841e+10,-2579,13436,2.0507,1.2114e+12,-8.3362e+11,-3.3773e+10,4936,7936.2,-334.7,2.0051e+12,2.153e+12,-1.7994e+10,-5032.5,4324.7,81.164,4.4502e+12,-4.4707e+11,-9.3442e+10,507.68,5439.5,-124.31,2.4122e+12,-4.5877e+12,-2.1001e+11,4943.8,1332.2,-1593.8
1.5148e+08,-1.3525e+09,-1.3048e+07,3.1598e+07,2.0624,-15.475,0.078411,1.29e+10,-3.1342e+10,-3.8359e+09,56556,24907,-3151,1.0637e+11,-1.3874e+10,-6.3744e+09,4286.5,34549,227.39,-7.8248e+10,1.255e+11,2.2446e+07,-25880,-15693,1.1281,-3.2706e+10,2.3562e+11,5.7392e+09,-23072,-1158.5,542.11,7.1767e+11,1.8005e+11,-1.6807e+10,-3322.4,13273,19.363,1.2267e+12,-8.084e+11,-3.4822e+10,4775.5,8044.4,-330.18,1.9891e+12,2.1666e+12,-1.7737e+10,-5065.3,4289.1,81.458,4.4518e+12,-4.299e+11,-9.3834e+10,486.84,5441.6,-123.87,2.4278e+12,-4.5835e+12,-2.1503e+11,4936.5,1346,-1593.2
1.5463e+08,-1.3447e+09,-6.1519e+07,3.1809e+07,2.8431,-15.231,0.057144,-5.9949e+09,-3.34e+10,-2.266e+09,62051,-9048.2,-6429.7,6.6731e+10,8.384e+10,-2.7444e+09,-27304,21895,1876.6,-1.3913e+11,5.431e+10,2.7585e+07,-11419,-27836,2.0184,-1.0288e+11,2.2081e+11,7.1515e+09,-21070,-8076.8,348.01,7.0603e+11,2.2162e+11,-1.6718e+10,-4054.9,13066,36.612,1.2415e+12,-7.8285e+11,-3.5857e+10,4612.5,8149.5,-325.51,1.9731e+12,2.18e+12,-1.748e+10,-5098,4253.3,81.748,4.4533e+12,-4.1273e+11,-9.4224e+10,466,5443.5,-123.43,2.4433e+12,-4.5793e+12,-2.2006e+11,4929.2,1359.7,-1592.5
1.5779e+08,-1.3346e+09,-1.0913e+08,3.1957e+07,3.5378,-14.929,0.039998,-1.9358e+10,-2.784e+10,-5.8087e+08,52999,-34671,-7693.2,-3.7843e+10,1.0098e+11,3.5265e+09,-33053,-12092,1741.7,-1.4598e+11,-3.8371e+10,3.4353e+07,7126.7,-28924,2.1301,-1.6383e+11,1.8581e+11,7.9145e+09,-17303,-13895,133.65,6.921e+11,2.6248e+11,-1.6576e+10,-4773.9,12818,53.734,1.2558e+12,-7.5697e+11,-3.6877e+10,4447.2,8251.5,-320.7,1.957e+12,2.1934e+12,-1.7221e+10,-5130.4,4217.2,82.034,4.4547e+12,-3.9555e+11,-9.4613e+10,445.14,5445.4,-122.99,2.4589e+12,-4.5749e+12,-2.2509e+11,4921.9,1373.3,-1591.9
1.6094e+08,-1.3224e+09,-1.5581e+08,3.2057e+07,4.1492,-14.65,0.026929,-2.6304e+10,-2.1041e+10,6.1693e+08,40860,-49055,-7755.1,-1.069e+11,2.0103e+10,6.4024e+09,-6792.1,-34538,-81.809,-9.7597e+10,-1.1663e+11,4.0189e+07,22464,-19108,1.4534,-2.1066e+11,1.3459e+11,7.9909e+09,-12180,-18318,-84.708,6.7592e+11,3.0248e+11,-1.6379e+10,-5476.8,12528,70.666,1.2696e+12,-7.3077e+11,-3.7881e+10,4279.5,8350.3,-315.73,1.9407e+12,2.2067e+12,-1.6962e+10,-5162.5,4180.9,82.316,4.4561e+12,-3.7836e+11,-9.5e+10,424.28,5447.2,-122.55,2.4744e+12,-4.5706e+12,-2.3011e+11,4914.6,1387,-1591.2
1.641e+08,-1.3084e+09,-2.0171e+08,3.2118e+07,4.7528,-14.435,0.013773,-2.8748e+10,-1.6838e+10,1.1897e+09,33289,-55004,-7546.8,-7.3963e+10,-8.0586e+10,3.1208e+09,25707,-23641,-1807.5,-1.3374e+10,-1.5176e+11,4.2987e+07,29196,-2499.6,0.26802,-2.3969e+11,7.1891e+10,7.3904e+09,-6086.8,-21132,-293.15,6.5755e+11,3.415e+11,-1.613e+10,-6161,12198,87.346,1.2828e+12,-7.0427e+11,-3.8869e+10,4109.6,8445.9,-310.62,1.9244e+12,2.2198e+12,-1.6702e+10,-5194.4,4144.4,82.594,4.4574e+12,-3.6117e+11,-9.5386e+10,403.41,5449,-122.1,2.4899e+12,-4.5662e+12,-2.3513e+11,4907.2,1400.6,-1590.5
1.6726e+08,-1.2923e+09,-2.4699e+08,3.2132e+07,5.4281,-14.241,-0.0033327,-2.8317e+10,-1.6683e+10,1.168e+09,33634,-55275,-7600.5,2.8306e+10,-1.0507e+11,-3.115e+09,33437,9384.7,-1800,7.5306e+10,-1.3161e+11,4.1786e+07,25237,14863,-1.0086,-2.4845e+11,3.0822e+09,6.1647e+09,594.99,-22166,-478.73,6.3705e+11,3.7943e+11,-1.5829e+10,-6824,11829,103.71,1.2955e+12,-6.7747e+11,-3.9841e+10,3937.4,8538.2,-305.37,1.9079e+12,2.2328e+12,-1.6441e+10,-5226.1,4107.6,82.868,4.4586e+12,-3.4397e+11,-9.5771e+10,382.53,5450.6,-121.65,2.5054e+12,-4.5617e+12,-2.4015e+11,4899.8,1414.1,-1589.8
1.7041e+08,-1.274e+09,-2.9157e+08,3.2085e+07,6.1849,-13.973,-0.024227,-2.499e+10,-2.0517e+10,5.547e+08,42346,-49454,-7924,1.0293e+11,-3.1188e+10,-6.4049e+09,9755,33396,-103.76,1.3602e+11,-6.3602e+10,3.6931e+07,11983,26906,-1.9847,-2.3574e+11,-6.5981e+10,4.4068e+09,7454.7,-21270,-628.22,6.145e+11,4.1612e+11,-1.5476e+10,-7463.6,11423,119.71,1.3077e+12,-6.5038e+11,-4.0796e+10,3763,8627.2,-299.97,1.8914e+12,2.2457e+12,-1.6179e+10,-5257.6,4070.5,83.137,4.4598e+12,-3.2676e+11,-9.6154e+10,361.65,5452.2,-121.2,2.5208e+12,-4.5573e+12,-2.4516e+11,4892.3,1427.6,-1589.1
1.7357e+08,-1.2532e+09,-3.3508e+08,3.1971e+07,6.9546,-13.567,-0.045109,-1.7028e+10,-2.6642e+10,-6.7074e+08,56440,-33449,-7908.9,7.9537e+10,7.1556e+10,-3.6424e+09,-23385,25992,1706.8,1.4581e+11,2.7747e+10,3.0056e+07,-6071.3,29115,-2.2251,-2.0172e+11,-1.2901e+11,2.2527e+09,14006,-18330,-727.29,5.8997e+11,4.5148e+11,-1.5073e+10,-8077.4,10981,135.28,1.3193e+12,-6.2302e+11,-4.1734e+10,3586.5,8712.7,-294.42,1.8747e+12,2.2585e+12,-1.5916e+10,-5288.7,4033.2,83.403,4.4609e+12,-3.0956e+11,-9.6536e+10,340.75,5453.7,-120.75,2.5363e+12,-4.5527e+12,-2.5018e+11,4884.9,1441.1,-1588.4
1.7672e+08,-1.2301e+09,-3.7709e+08,3.1797e+07,7.6401,-13.035,-0.061916,-2.4925e+09,-3.0463e+10,-2.3109e+09,66210,-2305,-6260.1,-2.0777e+10,1.0539e+11,2.6122e+09,-34547,-6559.9,1903.8,9.9611e+10,1.0822e+11,2.3802e+07,-22306,20129,-1.6047,-1.483e+11,-1.7948e+11,-1.1425e+08,19644,-13314,-760.5,5.6355e+11,4.854e+11,-1.4623e+10,-8663.4,10506,150.36,1.3303e+12,-5.954e+11,-4.2654e+10,3408,8794.9,-288.74,1.858e+12,2.2712e+12,-1.5652e+10,-5319.7,3995.6,83.664,4.462e+12,-2.9234e+11,-9.6916e+10,319.86,5455.1,-120.3,2.5517e+12,-4.5482e+12,-2.5519e+11,4877.4,1454.5,-1587.6
1.7988e+08,-1.2051e+09,-4.1731e+08,3.158e+07,8.1948,-12.465,-0.074259,1.6472e+10,-2.409e+10,-3.5244e+09,53627,40053,-1644.4,-1.0199e+11,3.6781e+10,6.3579e+09,-12291,-33004,256.49,1.4011e+10,1.4602e+11,2.0605e+07,-30102,2945,-0.35169,-7.9473e+10,-2.1101e+11,-2.4621e+09,23631,-6378.1,-712.94,5.3533e+11,5.1776e+11,-1.4125e+10,-9219.6,9998.8,164.91,1.3408e+12,-5.6752e+11,-4.3556e+10,3227.4,8873.5,-282.91,1.8412e+12,2.2837e+12,-1.5388e+10,-5350.4,3957.9,83.922,4.4629e+12,-2.7513e+11,-9.7295e+10,298.95,5456.4,-119.84,2.567e+12,-4.5436e+12,-2.602e+11,4869.8,1467.8,-1586.9
1.8303e+08,-1.1785e+09,-4.5578e+08,3.1328e+07,8.6625,-11.937,-0.085893,2.7989e+10,-2.1003e+09,-2.7785e+09,4433.4,66904,5062.3,-8.569e+10,-6.8015e+10,3.9799e+09,21601,-27510,-1623.6,-7.7594e+10,1.2535e+11,2.1722e+07,-25934,-15591,1.031,-1.7492e+09,-2.1821e+11,-4.5181e+09,25149,1997.6,-574.64,5.0539e+11,5.4847e+11,-1.3582e+10,-9744.4,9461.8,178.88,1.3507e+12,-5.3939e+11,-4.444e+10,3044.9,8948.5,-276.94,1.8242e+12,2.2962e+12,-1.5123e+10,-5380.8,3919.8,84.175,4.4639e+12,-2.579e+11,-9.7673e+10,278.04,5457.7,-119.39,2.5824e+12,-4.5389e+12,-2.652e+11,4862.3,1481.2,-1586.1
1.8619e+08,-1.1504e+09,-4.9265e+08,3.1038e+07,9.1227,-11.455,-0.10023,1.4398e+10,2.3819e+10,5.9149e+08,-56802,35977,8152.1,1.1419e+10,-1.0865e+11,-2.1797e+09,34526,3911.2,-1937.9,-1.3872e+11,5.4399e+10,2.663e+07,-11518,-27789,1.9638,7.59e+10,-1.9787e+11,-5.9954e+09,23492,10866,-348.15,4.7386e+11,5.7745e+11,-1.2997e+10,-10236,8897.3,192.23,1.36e+12,-5.1104e+11,-4.5304e+10,2860.6,9019.9,-270.84,1.8072e+12,2.3085e+12,-1.4857e+10,-5411,3881.5,84.424,4.4647e+12,-2.4068e+11,-9.8049e+10,257.13,5458.8,-118.93,2.5977e+12,-4.5342e+12,-2.7021e+11,4854.7,1494.4,-1585.3
1.8935e+08,-1.1209e+09,-5.2804e+08,3.0699e+07,9.6076,-10.962,-0.11676,-1.9372e+10,2.0783e+10,3.4463e+09,-51764,-44907,1080.2,9.6895e+10,-4.7662e+10,-6.2722e+09,14961,31392,-431.55,-1.4591e+11,-3.8245e+10,3.3242e+07,7024.2,-28947,2.0785,1.4289e+11,-1.5058e+11,-6.6463e+09,18409,18823,-56.718,4.4083e+11,6.046e+11,-1.237e+10,-10693,8307.4,204.91,1.3687e+12,-4.8247e+11,-4.6149e+10,2674.4,9087.7,-264.6,1.7901e+12,2.3207e+12,-1.459e+10,-5440.9,3843,84.669,4.4655e+12,-2.2345e+11,-9.8423e+10,236.21,5459.9,-118.47,2.613e+12,-4.5295e+12,-2.7521e+11,4847.1,1507.7,-1584.5
1.925e+08,-1.0898e+09,-5.6181e+08,3.0302e+07,10.09,-10.419,-0.13329,-2.3091e+10,-1.7269e+10,6.8317e+08,41754,-54810,-8307.4,9.0294e+10,5.7444e+10,-4.446e+09,-18873,29397,1493.3,-9.7797e+10,-1.1667e+11,3.8867e+07,22399,-19188,1.3654,1.8903e+11,-8.1668e+10,-6.3328e+09,10446,24325,253.89,4.0641e+11,6.2986e+11,-1.1704e+10,-11115,7694.5,216.88,1.3769e+12,-4.5369e+11,-4.6974e+10,2486.4,9151.8,-258.23,1.7729e+12,2.3327e+12,-1.4322e+10,-5470.6,3804.3,84.909,4.4662e+12,-2.0622e+11,-9.8796e+10,215.28,5460.9,-118.01,2.6283e+12,-4.5247e+12,-2.8021e+11,4839.4,1520.9,-1583.7
1.9566e+08,-1.0572e+09,-5.9377e+08,2.9854e+07,10.535,-9.8234,-0.14863,1.8804e+10,-1.87e+10,-3.2716e+09,47148,51876,-84.003,-3.1393e+09,1.0703e+11,1.6281e+09,-35121,-865.68,2015.2,-1.3685e+10,-1.521e+11,4.1293e+07,29193,-2604,0.11791,2.0722e+11,-8.278e+08,-5.0838e+09,975.72,26267,526.87,3.7071e+11,6.5314e+11,-1.1002e+10,-11499,7060.9,228.11,1.3844e+12,-4.2471e+11,-4.7779e+10,2296.8,9212.1,-251.72,1.7556e+12,2.3447e+12,-1.4054e+10,-5500,3765.3,85.146,4.4668e+12,-1.8898e+11,-9.9168e+10,194.35,5461.9,-117.54,2.6436e+12,-4.5199e+12,-2.852e+11,4831.8,1534,-1582.9
1.9881e+08,-1.0234e+09,-6.2375e+08,2.937e+07,10.913,-9.1894,-0.15843,7.0685e+09,2.4607e+10,1.3489e+09,-67172,20894,7870.6,-9.4347e+10,5.2511e+10,6.144e+09,-17470,-30589,588.51,7.5088e+10,-1.3227e+11,3.952e+07,25298,14774,-1.2154,1.9545e+11,8.013e+10,-3.0974e+09,-8258.4,24449,715.25,3.3387e+11,6.744e+11,-1.0265e+10,-11846,6409,238.57,1.3914e+12,-3.9555e+11,-4.8563e+10,2105.6,9268.6,-245.08,1.7382e+12,2.3565e+12,-1.3785e+10,-5529.1,3726.1,85.378,4.4674e+12,-1.7175e+11,-9.9538e+10,173.41,5462.7,-117.08,2.6588e+12,-4.515e+12,-2.902e+11,4824.1,1547.2,-1582
2.0197e+08,-9.8847e+08,-6.5179e+08,2.8864e+07,11.207,-8.5855,-0.16217,-2.4816e+10,-1.084e+10,1.382e+09,27726,-65535,-7897.1,-9.5152e+10,-5.3632e+10,4.7345e+09,16914,-30670,-1396.6,1.3607e+11,-6.4475e+10,3.4022e+07,12089,26865,-2.172,1.5692e+11,1.5024e+11,-6.8219e+08,-15786,19558,797.35,2.9599e+11,6.9358e+11,-9.4969e+09,-12154,5741.3,248.23,1.3977e+12,-3.6622e+11,-4.9326e+10,1912.8,9321.2,-238.32,1.7207e+12,2.3682e+12,-1.3515e+10,-5558,3686.6,85.605,4.4679e+12,-1.5451e+11,-9.9907e+10,152.47,5463.5,-116.61,2.674e+12,-4.5101e+12,-2.9519e+11,4816.3,1560.2,-1581.2
2.0512e+08,-9.5259e+08,-6.7803e+08,2.8336e+07,11.536,-8.0459,-0.17315,2.3951e+10,-5.0391e+09,-2.6125e+09,12764,70989,4631.8,-5.7387e+09,-1.0941e+11,-1.1888e+09,34729,-1672.3,-2026.2,1.4622e+11,2.6848e+10,2.6588e+07,-5955.6,29141,-2.3982,9.8489e+10,2.0154e+11,1.8268e+09,-20790,12733,777.01,2.572e+11,7.1062e+11,-8.6993e+09,-12423,5060.2,257.08,1.4034e+12,-3.3672e+11,-5.0067e+10,1718.5,9369.9,-231.42,1.7031e+12,2.3798e+12,-1.3245e+10,-5586.6,3647,85.829,4.4684e+12,-1.3726e+11,-1.0027e+11,131.53,5464.2,-116.14,2.6892e+12,-4.5052e+12,-3.0018e+11,4808.6,1573.3,-1580.3
2.0828e+08,-9.1561e+08,-7.0246e+08,2.7772e+07,11.907,-7.4183,-0.18473,-2.3189e+10,9.6101e+09,2.9136e+09,-31096,-66557,-2585,8.8397e+10,-6.2874e+10,-5.9795e+09,19777,28587,-747.94,1.0035e+11,1.0751e+11,1.9792e+07,-22223,20219,-1.7735,2.8568e+10,2.2978e+11,4.1344e+09,-23080,5117.1,673.55,2.1763e+11,7.255e+11,-7.8752e+09,-12652,4368,265.08,1.4086e+12,-3.0708e+11,-5.0786e+10,1522.8,9414.6,-224.41,1.6854e+12,2.3912e+12,-1.2973e+10,-5615,3607.1,86.048,4.4688e+12,-1.2002e+11,-1.0064e+11,110.59,5464.8,-115.67,2.7044e+12,-4.5002e+12,-3.0516e+11,4800.8,1586.3,-1579.4
2.1144e+08,-8.7749e+08,-7.2482e+08,2.7166e+07,12.243,-6.7364,-0.19941,2.1633e+10,-9.3936e+09,-2.7461e+09,26739,68851,3175.2,9.8721e+10,4.188e+10,-5.1346e+09,-13885,32028,1241.7,1.4911e+10,1.4565e+11,1.6083e+07,-30086,3066.6,-0.50549,-4.4543e+10,2.3396e+11,6.016e+09,-22867,-2384.1,511.08,1.7739e+11,7.3818e+11,-7.0271e+09,-12842,3667.3,272.24,1.4131e+12,-2.7731e+11,-5.1483e+10,1325.8,9455.4,-217.27,1.6676e+12,2.4025e+12,-1.2702e+10,-5643.1,3566.9,86.263,4.4691e+12,-1.0277e+11,-1.01e+11,89.637,5465.3,-115.2,2.7195e+12,-4.4951e+12,-3.1015e+11,4793,1599.2,-1578.6
2.1459e+08,-8.3842e+08,-7.448e+08,2.652e+07,12.487,-5.922,-0.20788,-2.4206e+10,-2.4269e+09,2.0325e+09,4815.1,-74843,-6556.3,1.4599e+10,1.0588e+11,6.0009e+08,-34764,4839.9,2073,-7.6762e+10,1.2536e+11,1.6751e+07,-25991,-15485,0.90136,-1.1353e+11,2.1552e+11,7.322e+09,-20535,-9140.9,312.27,1.3662e+11,7.4864e+11,-6.1579e+09,-12992,2960.5,278.52,1.4169e+12,-2.4741e+11,-5.2157e+10,1127.6,9492.1,-210.01,1.6498e+12,2.4137e+12,-1.2429e+10,-5670.9,3526.6,86.473,4.4693e+12,-8.5526e+10,-1.0137e+11,68.685,5465.7,-114.72,2.7346e+12,-4.4901e+12,-3.1513e+11,4785.2,1612.1,-1577.7
2.1775e+08,-7.9884e+08,-7.6228e+08,2.5853e+07,12.586,-5.1542,-0.21489,1.4116e+10,1.6745e+10,8.8366e+07,-57859,48338,9258.8,-8.4179e+10,6.6889e+10,5.766e+09,-22191,-27357,905.24,-1.3816e+11,5.4658e+10,2.1303e+07,-11621,-27739,1.8726,-1.7237e+11,1.7749e+11,7.9688e+09,-16510,-14739,96.197,9.5431e+10,7.5687e+11,-5.2702e+09,-13102,2249.7,283.94,1.4202e+12,-2.174e+11,-5.2808e+10,928.14,9524.7,-202.63,1.6318e+12,2.4248e+12,-1.2156e+10,-5698.4,3486,86.68,4.4695e+12,-6.8277e+10,-1.0173e+11,47.73,5466.1,-114.25,2.7497e+12,-4.485e+12,-3.201e+11,4777.3,1625,-1576.8
2.209e+08,-7.5916e+08,-7.7739e+08,2.5178e+07,12.552,-4.4603,-0.21434,1.0833e+10,-1.9869e+10,-2.5983e+09,65413,39977,-2732.1,-1.0211e+11,-3.7799e+10,5.3644e+09,11768,-33034,-1132.3,-1.4568e+11,-3.794e+10,2.7753e+07,6917.6,-28968,2.0696,-2.1637e+11,1.2401e+11,7.9277e+09,-11196,-18901,-121.35,5.3962e+10,7.6284e+11,-4.3667e+09,-13173,1537.4,288.47,1.4228e+12,-1.873e+11,-5.3436e+10,727.62,9553.2,-195.14,1.6138e+12,2.4357e+12,-1.1882e+10,-5725.7,3445.2,86.881,4.4696e+12,-5.1027e+10,-1.0209e+11,26.774,5466.4,-113.77,2.7648e+12,-4.4798e+12,-3.2508e+11,4769.4,1637.8,-1575.8
2.2406e+08,-7.1954e+08,-7.905e+08,2.4495e+07,12.542,-3.861,-0.21658,-1.7641e+10,-1.4324e+10,4.7078e+08,48247,-61112,-9418.4,-2.2741e+10,-1.073e+11,-1.6808e+08,34035,-7225.4,-2062.6,-9.7857e+10,-1.1653e+11,3.3383e+07,22331,-19266,1.3612,-2.4208e+11,5.9927e+10,7.2157e+09,-4977.2,-21424,-326.75,1.2332e+10,7.6657e+11,-3.4504e+09,-13204,825.83,292.13,1.4248e+12,-1.5711e+11,-5.404e+10,526.09,9577.5,-187.53,1.5957e+12,2.4465e+12,-1.1607e+10,-5752.6,3404.2,87.079,4.4697e+12,-3.3776e+10,-1.0245e+11,5.8149,5466.6,-113.29,2.7798e+12,-4.4746e+12,-3.3005e+11,4761.5,1650.6,-1574.9
2.2721e+08,-6.7987e+08,-8.0186e+08,2.3796e+07,12.609,-3.3144,-0.22479,-2.0597e+10,5.1891e+09,2.3403e+09,-23451,-76464,-4096.2,7.7639e+10,-7.6435e+10,-5.5343e+09,24083,25051,-1044.9,-1.3866e+10,-1.5226e+11,3.5723e+07,29187,-2705.8,0.064517,-2.4724e+11,-9.3078e+09,5.8917e+09,1763.8,-22140,-507.08,-2.9336e+10,7.6806e+11,-2.5239e+09,-13197,117.1,294.9,1.4261e+12,-1.2685e+11,-5.4619e+10,323.63,9597.7,-179.81,1.5775e+12,2.4572e+12,-1.1332e+10,-5779.3,3362.9,87.272,4.4697e+12,-1.6524e+10,-1.028e+11,-15.145,5466.7,-112.81,2.7948e+12,-4.4694e+12,-3.3502e+11,4753.6,1663.3,-1574
2.3037e+08,-6.3993e+08,-8.1145e+08,2.307e+07,12.72,-2.722,-0.23439,-1.5774e+10,1.2462e+10,2.496e+09,-53278,-61410,-130.06,1.0459e+11,2.5268e+10,-5.6906e+09,-8550.9,33821,958.57,7.4991e+10,-1.3273e+11,3.3692e+07,25355,14687,-1.3252,-2.3084e+11,-7.7758e+10,4.0556e+09,8607.1,-20905,-649.02,-7.0921e+10,7.6731e+11,-1.59e+09,-13152,-586.68,296.81,1.4268e+12,-9.6539e+10,-5.5175e+10,120.32,9613.5,-171.99,1.5592e+12,2.4678e+12,-1.1057e+10,-5805.7,3321.5,87.46,4.4696e+12,7.2716e+08,-1.0316e+11,-36.107,5466.7,-112.33,2.8098e+12,-4.4641e+12,-3.3998e+11,4745.6,1676,-1573
2.3353e+08,-5.9967e+08,-8.1901e+08,2.232e+07,12.798,-2.0369,-0.24008,-1.731e+10,9.1797e+09,2.3722e+09,-42376,-71036,-1916.7,3.1963e+10,1.0197e+11,-4.4439e+08,-33490,10408,2075.9,1.3623e+11,-6.5139e+10,2.7774e+07,12189,26826,-2.3239,-1.9333e+11,-1.3908e+11,1.8511e+09,15049,-17612,-738.01,-1.123e+11,7.6436e+11,-6.515e+08,-13069,-1283.5,297.85,1.4269e+12,-6.6182e+10,-5.5705e+10,-83.751,9625.1,-164.06,1.5409e+12,2.4782e+12,-1.078e+10,-5831.9,3279.8,87.644,4.4694e+12,1.7979e+10,-1.0351e+11,-57.069,5466.7,-111.84,2.8248e+12,-4.4588e+12,-3.4495e+11,4737.6,1688.6,-1572
2.3668e+08,-5.593e+08,-8.2432e+08,2.1559e+07,12.769,-1.3051,-0.23929,-1.8601e+10,-6.5968e+09,1.2048e+09,24758,-79787,-8790.1,-7.1768e+10,7.9544e+10,5.2344e+09,-26328,-23394,1198.2,1.4672e+11,2.6165e+10,1.9834e+07,-5845.5,29168,-2.5615,-1.3693e+11,-1.8674e+11,-5.3029e+08,20464,-12254,-758.51,-1.5337e+11,7.5922e+11,2.8895e+08,-12950,-1971.3,298.03,1.4263e+12,-3.5795e+10,-5.621e+10,-288.49,9632.3,-156.03,1.5224e+12,2.4885e+12,-1.0503e+10,-5857.7,3237.9,87.823,4.4692e+12,3.523e+10,-1.0386e+11,-78.033,5466.5,-111.36,2.8397e+12,-4.4535e+12,-3.499e+11,4729.6,1701.2,-1571
2.3984e+08,-5.1916e+08,-8.2736e+08,2.0805e+07,12.641,-0.62361,-0.23662,4.89e+09,-1.8454e+10,-1.9158e+09,80636,24763,-5372,-1.0639e+11,-2.0917e+10,5.8535e+09,6295.5,-34538,-837.25,1.0116e+11,1.0701e+11,1.2557e+07,-22144,20307,-1.908,-6.6049e+10,-2.1444e+11,-2.8488e+09,24091,-5027.8,-696.04,-1.94e+11,7.5193e+11,1.2286e+09,-12795,-2648.4,297.37,1.425e+12,-5.3918e+09,-5.669e+10,-493.82,9635.2,-147.9,1.5039e+12,2.4986e+12,-1.0226e+10,-5883.3,3195.8,87.998,4.4689e+12,5.2481e+10,-1.0422e+11,-98.996,5466.3,-110.87,2.8546e+12,-4.4481e+12,-3.5486e+11,4721.6,1713.8,-1570
2.4299e+08,-4.7948e+08,-8.2831e+08,2.0059e+07,12.506,0.005305,-0.23727,8.2527e+09,1.4702e+10,4.8814e+08,-75294,40747,10237,-3.9161e+10,-1.0237e+11,8.5699e+08,32464,-12604,-2045.9,1.5874e+10,1.455e+11,8.5182e+06,-30072,3187,-0.57531,1.2378e+10,-2.1707e+11,-4.8267e+09,25114,3514.1,-542.12,-2.3409e+11,7.4252e+11,2.1649e+09,-12605,-3313,295.88,1.4232e+12,2.5013e+10,-5.7143e+10,-699.63,9633.8,-139.68,1.4853e+12,2.5086e+12,-9.9481e+09,-5908.5,3153.5,88.169,4.4686e+12,6.9731e+10,-1.0456e+11,-119.96,5466,-110.38,2.8695e+12,-4.4427e+12,-3.5981e+11,4713.5,1726.3,-1569
2.4615e+08,-4.403e+08,-8.2733e+08,1.9313e+07,12.328,0.61222,-0.23599,-6.1003e+09,-1.6855e+10,-7.7122e+08,82867,-29475,-10009,6.4889e+10,-8.7974e+10,-4.9475e+09,27767,20879,-1314.8,-7.5872e+10,1.2557e+11,9.0886e+06,-26049,-15379,0.9083,8.9008e+10,-1.9195e+11,-6.1792e+09,22874,12340,-302.26,-2.7352e+11,7.3104e+11,3.0952e+09,-12382,-3963.3,293.58,1.4206e+12,5.5407e+10,-5.7571e+10,-905.85,9627.9,-131.36,1.4666e+12,2.5185e+12,-9.6696e+09,-5933.5,3111,88.335,4.4682e+12,8.698e+10,-1.0491e+11,-140.92,5465.7,-109.89,2.8844e+12,-4.4372e+12,-3.6476e+11,4705.5,1738.8,-1568
2.4931e+08,-4.0158e+08,-8.2446e+08,1.8556e+07,12.203,1.2292,-0.24213,-1.1798e+10,1.0521e+10,1.9911e+09,-63530,-65087,509.5,1.0774e+11,8.0698e+09,-6.0988e+09,-3015.9,34732,651.64,-1.3754e+11,5.5123e+10,1.3752e+07,-11728,-27690,1.9258,1.5314e+11,-1.4042e+11,-6.6719e+09,17236,19987,-3.7435,-3.122e+11,7.1752e+11,4.017e+09,-12126,-4597.8,290.48,1.4174e+12,8.5775e+10,-5.7972e+10,-1112.4,9617.5,-122.95,1.4478e+12,2.5283e+12,-9.3906e+09,-5958.2,3068.2,88.496,4.4677e+12,1.0423e+11,-1.0526e+11,-161.89,5465.2,-109.39,2.8992e+12,-4.4317e+12,-3.6971e+11,4697.3,1751.2,-1567
2.5246e+08,-3.634e+08,-8.1961e+08,1.7788e+07,12.011,1.8623,-0.2457,2.6984e+08,1.4715e+10,1.2292e+09,-91918,1823.4,8581.3,4.8457e+10,9.5427e+10,-1.4768e+09,-31335,15684,2023.9,-1.4542e+11,-3.7432e+10,2.0321e+07,6808,-28990,2.0801,1.9492e+11,-6.8653e+10,-6.1923e+09,8897.2,24942,304.53,-3.5002e+11,7.0203e+11,4.9278e+09,-11838,-5215,286.61,1.4136e+12,1.161e+11,-5.8347e+10,-1319.1,9602.7,-114.46,1.429e+12,2.5379e+12,-9.111e+09,-5982.6,3025.3,88.653,4.4672e+12,1.2147e+11,-1.056e+11,-182.85,5464.7,-108.9,2.914e+12,-4.4261e+12,-3.7465e+11,4689.2,1763.6,-1565.9
2.5562e+08,-3.2597e+08,-8.1271e+08,1.702e+07,11.721,2.504,-0.24169,-7.1778e+09,1.2158e+10,1.7055e+09,-83361,-45764,3907.4,-5.7465e+10,9.0136e+10,4.5634e+09,-29764,-18805,1459.4,-9.7886e+10,-1.1619e+11,2.5944e+07,22259,-19344,1.3554,2.0801e+11,1.3104e+10,-4.7998e+09,-659.76,26228,565.83,-3.8689e+11,6.8463e+11,5.8252e+09,-11521,-5813.5,281.99,1.4091e+12,1.4638e+11,-5.8695e+10,-1526,9583.4,-105.88,1.4101e+12,2.5473e+12,-8.831e+09,-6006.7,2982.2,88.805,4.4666e+12,1.3872e+11,-1.0595e+11,-203.81,5464.1,-108.4,2.9288e+12,-4.4206e+12,-3.7959e+11,4681.1,1776,-1564.9
2.5877e+08,-2.8959e+08,-8.0393e+08,1.6271e+07,11.332,3.0568,-0.23171,-7.5223e+09,-1.2785e+10,-2.9934e+08,82901,-50383,-11721,-1.0789e+11,-3.4258e+09,6.1888e+09,637.94,-35136,-519.16,-1.403e+10,-1.5221e+11,2.827e+07,29176,-2808,0.060712,1.9132e+11,9.2967e+10,-2.7171e+09,-9692.8,23817,736.78,-4.227e+11,6.6536e+11,6.7068e+09,-11175,-6392,276.64,1.404e+12,1.7658e+11,-5.9015e+10,-1732.8,9559.6,-97.223,1.3911e+12,2.5567e+12,-8.5506e+09,-6030.4,2938.8,88.952,4.4659e+12,1.5596e+11,-1.0629e+11,-224.77,5463.4,-107.9,2.9436e+12,-4.4149e+12,-3.8453e+11,4672.9,1788.3,-1563.8
2.6193e+08,-2.5436e+08,-7.9359e+08,1.5545e+07,11.008,3.5003,-0.22808,-2.5484e+09,1.2202e+10,1.288e+09,-98056,-19384,7411,-5.46e+10,-9.4743e+10,1.8605e+09,30048,-17674,-1976.2,7.4894e+10,-1.3299e+11,2.6227e+07,25407,14599,-1.3294,1.4885e+11,1.6036e+11,-2.6331e+08,-16829,18508,800.48,-4.5739e+11,6.4431e+11,7.5704e+09,-10801,-6949.3,270.59,1.3982e+12,2.0671e+11,-5.9308e+10,-1939.6,9531.2,-88.491,1.372e+12,2.5659e+12,-8.2696e+09,-6053.9,2895.3,89.095,4.4651e+12,1.732e+11,-1.0663e+11,-245.72,5462.6,-107.41,2.9583e+12,-4.4093e+12,-3.8946e+11,4664.7,1800.6,-1562.8
2.6508e+08,-2.2014e+08,-7.8191e+08,1.4835e+07,10.727,3.9015,-0.22558,2.4234e+08,1.1643e+10,9.8776e+08,-1.0274e+05,1692.8,9563.3,5.0451e+10,-9.7213e+10,-4.2337e+09,30741,16173,-1551.2,1.3638e+11,-6.561e+10,2.0295e+07,12287,26786,-2.3287,8.7861e+10,2.0797e+11,2.2297e+09,-21368,11472,764.33,-4.9085e+11,6.2153e+11,8.4139e+09,-10401,-7484.1,263.85,1.3917e+12,2.3674e+11,-5.9574e+10,-2146.2,9498.3,-79.687,1.3529e+12,2.575e+12,-7.9882e+09,-6077.1,2851.6,89.233,4.4643e+12,1.9044e+11,-1.0696e+11,-266.68,5461.8,-106.9,2.973e+12,-4.4036e+12,-3.9439e+11,4656.4,1812.8,-1561.7
2.6824e+08,-1.8669e+08,-7.6891e+08,1.4128e+07,10.476,4.3642,-0.2219,-7.808e+09,-9.4245e+09,5.8989e+06,79971,-70967,-13135,1.0807e+11,-9.2844e+09,-6.3488e+09,2579.1,34746,328.92,1.4721e+11,2.5667e+10,1.2328e+07,-5737.3,29194,-2.578,1.6834e+10,2.3213e+11,4.4775e+09,-23210,3820.1,649.12,-5.2301e+11,5.971e+11,9.2351e+09,-9976.2,-7995.6,256.47,1.3846e+12,2.6665e+11,-5.9811e+10,-2352.5,9460.8,-70.815,1.3337e+12,2.5839e+12,-7.7064e+09,-6100,2807.6,89.367,4.4635e+12,2.0767e+11,-1.073e+11,-287.63,5460.8,-106.4,2.9877e+12,-4.3978e+12,-3.9932e+11,4648.2,1825,-1560.6
2.714e+08,-1.5395e+08,-7.5434e+08,1.3422e+07,10.243,4.9131,-0.221,-1.0491e+10,-3.1226e+09,7.6807e+08,24367,-1.0909e+05,-11149,6.3635e+10,8.642e+10,-2.4692e+09,-28363,20530,1919,1.0195e+11,1.067e+11,4.9358e+06,-22068,20395,-1.9594,-5.6056e+10,2.3234e+11,6.2689e+09,-22608,-3591.5,479,-5.5379e+11,5.7109e+11,1.0032e+10,-9528,-8482.7,248.45,1.3769e+12,2.9644e+11,-6.002e+10,-2558.5,9418.8,-61.878,1.3144e+12,2.5927e+12,-7.4242e+09,-6122.6,2763.5,89.495,4.4625e+12,2.249e+11,-1.0764e+11,-308.58,5459.8,-105.9,3.0024e+12,-4.3921e+12,-4.0424e+11,4639.9,1837.1,-1559.5
2.7455e+08,-1.2214e+08,-7.3796e+08,1.2727e+07,9.902,5.4725,-0.21885,8.226e+09,4.6195e+09,-3.1523e+08,-62142,96018,13547,-4.1668e+10,9.8372e+10,3.7719e+09,-32406,-13714,1681.6,1.6802e+10,1.4552e+11,7.9477e+05,-30062,3307,-0.57843,-1.237e+11,2.1034e+11,7.4664e+09,-19960,-10175,276.06,-5.8312e+11,5.4358e+11,1.0803e+10,-9057.7,-8944.5,239.84,1.3685e+12,3.2609e+11,-6.0202e+10,-2763.9,9372.1,-52.881,1.295e+12,2.6013e+12,-7.1416e+09,-6144.8,2719.2,89.619,4.4615e+12,2.4213e+11,-1.0797e+11,-329.53,5458.7,-105.39,3.017e+12,-4.3862e+12,-4.0916e+11,4631.6,1849.2,-1558.3
2.7771e+08,-9.1666e+07,-7.1975e+08,1.206e+07,9.4026,6.0506,-0.20406,-8.818e+09,-1.1297e+09,7.7901e+08,5298.9,-1.2316e+05,-10551,-1.0658e+11,1.421e+10,6.3618e+09,-5055.8,-34805,-186.35,-7.503e+10,1.2596e+11,1.4651e+06,-26112,-15276,0.97406,-1.8033e+11,1.694e+11,7.9963e+09,-15688,-15545,58.759,-6.1094e+11,5.1466e+11,1.1545e+10,-8566.8,-9380.2,230.66,1.3594e+12,3.5559e+11,-6.0354e+10,-2968.8,9320.9,-43.828,1.2756e+12,2.6098e+12,-6.8586e+09,-6166.8,2674.7,89.739,4.4604e+12,2.5936e+11,-1.083e+11,-350.47,5457.6,-104.88,3.0316e+12,-4.3804e+12,-4.1408e+11,4623.3,1861.3,-1557.2
2.8086e+08,-6.2857e+07,-7.0003e+08,1.1428e+07,8.8659,6.4285,-0.19754,6.6005e+09,3.613e+09,-2.4734e+08,-69857,1.07e+05,15152,-6.8678e+10,-8.4613e+10,2.8173e+09,26843,-22306,-1855.1,-1.3697e+11,5.5759e+10,6.4275e+06,-11836,-27643,2.0452,-2.2144e+11,1.1378e+11,7.8383e+09,-10195,-19441,-157.6,-6.3717e+11,4.8441e+11,1.2258e+10,-8056.8,-9789.1,220.95,1.3497e+12,3.8492e+11,-6.0478e+10,-3172.9,9265,-34.722,1.2561e+12,2.6182e+12,-6.5752e+09,-6188.4,2630,89.853,4.4593e+12,2.7658e+11,-1.0863e+11,-371.41,5456.3,-104.37,3.0462e+12,-4.3745e+12,-4.1899e+11,4615,1873.3,-1556.1
2.8402e+08,-3.5746e+07,-6.7919e+08,1.0825e+07,8.3549,6.7691,-0.18833,-4.5702e+09,4.216e+09,8.2679e+08,-1.0216e+05,-97369,1413.7,3.4668e+10,-1.0393e+11,-3.4106e+09,32934,11048,-1748.2,-1.4521e+11,-3.6758e+10,1.3417e+07,6697.4,-29012,2.2209,-2.4379e+11,4.8455e+10,7.0168e+09,-3861.6,-21667,-359.58,-6.6177e+11,4.5291e+11,1.2939e+10,-7528.9,-10171,210.71,1.3394e+12,4.1406e+11,-6.0573e+10,-3376.3,9204.5,-25.568,1.2365e+12,2.6264e+12,-6.2915e+09,-6209.7,2585.1,89.963,4.4581e+12,2.9379e+11,-1.0896e+11,-392.34,5455,-103.86,3.0607e+12,-4.3686e+12,-4.239e+11,4606.6,1885.2,-1554.9
2.8717e+08,-1.0156e+07,-6.5745e+08,1.0237e+07,7.9136,7.0375,-0.18596,-2.3069e+09,4.3842e+09,6.3291e+08,-1.393e+05,-67057,7298.1,1.0557e+11,-2.6365e+10,-6.4347e+09,8094.8,33867,-1.446,-9.798e+10,-1.1568e+11,1.9469e+07,22184,-19422,1.481,-2.4533e+11,-2.1044e+10,5.5975e+09,2926.5,-22061,-534.27,-6.8467e+11,4.2025e+11,1.3587e+10,-6984.8,-10524,200,1.3284e+12,4.4301e+11,-6.0639e+10,-3578.7,9139.4,-16.371,1.2169e+12,2.6345e+12,-6.0074e+09,-6230.8,2540,90.068,4.4568e+12,3.1101e+11,-1.0929e+11,-413.27,5453.5,-103.35,3.0752e+12,-4.3626e+12,-4.2881e+11,4598.2,1897.2,-1553.7
2.9033e+08,1.4087e+07,-6.348e+08,9.659e+06,7.493,7.3096,-0.18454,3.2144e+09,2.3024e+09,-4.387e+07,-1.1778e+05,1.2584e+05,21087,7.7093e+10,7.5178e+10,-3.3958e+09,-24660,24820,1764.2,-1.4269e+10,-1.5199e+11,2.2129e+07,29161,-2910.5,0.14294,-2.2529e+11,-8.8704e+10,3.6876e+09,9737.9,-20481,-668.18,-7.0584e+11,3.8651e+11,1.4201e+10,-6425.7,-10849,188.84,1.3168e+12,4.7174e+11,-6.0676e+10,-3780.1,9069.7,-7.1344,1.1972e+12,2.6425e+12,-5.723e+09,-6251.5,2494.8,90.168,4.4555e+12,3.2821e+11,-1.0961e+11,-434.2,5452,-102.84,3.0897e+12,-4.3566e+12,-4.3371e+11,4589.8,1909.1,-1552.6
2.9349e+08,3.6972e+07,-6.1115e+08,9.0991e+06,6.9985,7.695,-0.16846,-2.1969e+09,-2.0653e+09,9.517e+07,1.2089e+05,-1.8853e+05,-26496,-2.4818e+10,1.0401e+11,2.8811e+09,-34182,-8268.7,1858.8,7.4708e+10,-1.3309e+11,2.0258e+07,25455,14509,-1.302,-1.8439e+11,-1.4813e+11,1.4387e+09,16051,-16835,-746.55,-7.2521e+11,3.518e+11,1.4779e+10,-5853.2,-11145,177.25,1.3046e+12,5.0025e+11,-6.0684e+10,-3980.3,8995.4,2.1371,1.1775e+12,2.6503e+12,-5.4383e+09,-6271.8,2449.3,90.264,4.4541e+12,3.4542e+11,-1.0994e+11,-455.12,5450.5,-102.32,3.1042e+12,-4.3505e+12,-4.386e+11,4581.4,1920.9,-1551.4
2.9664e+08,5.8315e+07,-5.8647e+08,8.5731e+06,6.4814,8.06,-0.15061,-3.3553e+08,-6.6448e+08,3.8325e+07,1.0816e+05,-5.6603e+05,-56177,-1.025e+11,3.1479e+10,6.3669e+09,-10624,-33551,151.99,1.3643e+11,-6.5929e+10,1.4338e+07,12382,26742,-2.3447,-1.2519e+11,-1.9279e+11,-9.4947e+08,21217,-11140,-753.84,-7.4277e+11,3.1621e+11,1.5319e+10,-5268.7,-11411,165.27,1.2917e+12,5.2851e+11,-6.0663e+10,-4179.3,8916.5,11.439,1.1576e+12,2.6579e+12,-5.1533e+09,-6291.9,2403.7,90.355,4.4526e+12,3.6261e+11,-1.1026e+11,-476.04,5448.8,-101.8,3.1187e+12,-4.3445e+12,-4.435e+11,4572.9,1932.7,-1550.2
