0,1.819e+08,9.8363e+08,-1.5878e+07,-11.247,7.5488,0.26872,-5.6758e+10,-2.7359e+10,2.8917e+09,11650,-41479,-4459.5,4.2848e+10,1.0007e+11,-1.1187e+09,-32293,13696,2050.9,-1.4378e+11,-4.0007e+10,-1.3888e+07,7651.5,-28751,2.0835,-1.1475e+11,-1.9629e+11,-1.3291e+09,21837,-10113,-747.96,-5.669e+11,-5.775e+11,1.5076e+10,9167.9,-8532.4,-169.77,8.2051e+10,-1.5024e+12,2.2857e+10,9113.1,496.37,-371.64,2.6251e+12,1.4027e+12,-2.8798e+10,-3259.4,5688.8,63.257,4.303e+12,-1.2422e+12,-7.3586e+10,1471.3,5253.6,-142.7,1.6555e+12,-4.735e+12,2.7796e+10,5245.4,638.51,-1607.1
3.1558e+05,1.7834e+08,9.8601e+08,-1.5793e+07,-11.293,7.5054,0.26992,-5.1712e+10,-3.9647e+10,1.4243e+09,20053,-36174,-4796.9,3.2451e+10,1.0387e+11,-4.6684e+08,-33544,10324,2076.8,-1.4108e+11,-4.8993e+10,-1.3234e+07,9429.2,-28185,2.0572,-1.0779e+11,-1.9938e+11,-1.5643e+09,22231,-9410.7,-742.9,-5.64e+11,-5.8018e+11,1.5022e+10,9212.5,-8486.8,-170.95,8.4927e+10,-1.5023e+12,2.2739e+10,9112.1,514.83,-371.92,2.624e+12,1.4045e+12,-2.8778e+10,-3263.5,5686.5,63.303,4.3035e+12,-1.2406e+12,-7.3631e+10,1469.3,5254.2,-142.67,1.6572e+12,-4.7348e+12,2.7289e+10,5244.9,640.08,-1607.1
6.3115e+05,1.7477e+08,9.8837e+08,-1.5707e+07,-11.339,7.4617,0.27113,-4.4271e+10,-5.0073e+10,-1.1067e+08,26834,-29736,-4892.9,2.1713e+10,1.0658e+11,1.8979e+08,-34444,6837.6,2081,-1.3783e+11,-5.7784e+10,-1.259e+07,11164,-27509,2.0239,-1.0072e+11,-2.0223e+11,-1.7979e+09,22603,-8691,-736.95,-5.6108e+11,-5.8285e+11,1.4968e+10,9256.8,-8440.9,-172.13,8.7802e+10,-1.5021e+12,2.2622e+10,9111,533.28,-372.2,2.623e+12,1.4063e+12,-2.8758e+10,-3267.7,5684.3,63.348,4.3039e+12,-1.2389e+12,-7.3676e+10,1467.3,5254.8,-142.63,1.6589e+12,-4.7346e+12,2.6782e+10,5244.3,641.65,-1607.1
9.4673e+05,1.7119e+08,9.9071e+08,-1.5622e+07,-11.385,7.4174,0.27235,-3.4933e+10,-5.8333e+10,-1.6427e+09,32068,-22481,-4780.2,1.0749e+10,1.0817e+11,8.4426e+08,-34982,3273.2,2063.1,-1.3404e+11,-6.6345e+10,-1.1957e+07,12850,-26728,1.984,-9.3529e+10,-2.0486e+11,-2.0294e+09,22953,-7954.6,-730.11,-5.5816e+11,-5.8551e+11,1.4913e+10,9300.9,-8394.9,-173.31,9.0677e+10,-1.5019e+12,2.2504e+10,9109.9,551.73,-372.48,2.622e+12,1.4081e+12,-2.8738e+10,-3271.9,5682.1,63.394,4.3044e+12,-1.2373e+12,-7.3721e+10,1465.3,5255.4,-142.6,1.6605e+12,-4.7344e+12,2.6275e+10,5243.8,643.23,-1607.1
1.2623e+06,1.6759e+08,9.9305e+08,-1.5536e+07,-11.432,7.3726,0.27359,-2.4183e+10,-6.42e+10,-3.1088e+09,35828,-14630,-4483.6,-3.2662e+08,1.0864e+11,1.4896e+09,-35151,-330.8,2023.4,-1.2973e+11,-7.4643e+10,-1.1338e+07,14481,-25845,1.9375,-8.6233e+10,-2.0725e+11,-2.2586e+09,23280,-7202.1,-722.37,-5.5521e+11,-5.8815e+11,1.4858e+10,9344.8,-8348.5,-174.49,9.3552e+10,-1.5017e+12,2.2387e+10,9108.8,570.18,-372.75,2.6209e+12,1.4099e+12,-2.8718e+10,-3276,5679.8,63.44,4.3049e+12,-1.2356e+12,-7.3766e+10,1463.3,5255.9,-142.56,1.6622e+12,-4.7342e+12,2.5768e+10,5243.2,644.8,-1607.1
1.5779e+06,1.6397e+08,9.9537e+08,-1.5449e+07,-11.479,7.3272,0.27486,-1.2479e+10,-6.7519e+10,-4.4541e+09,38122,-6363,-4018.6,-1.1397e+10,1.0797e+11,2.1191e+09,-34949,-3935.9,1962.3,-1.2491e+11,-8.2647e+10,-1.0735e+07,16050,-24865,1.8847,-7.8838e+10,-2.094e+11,-2.4852e+09,23584,-6434,-713.72,-5.5226e+11,-5.9078e+11,1.4803e+10,9388.4,-8302,-175.66,9.6426e+10,-1.5016e+12,2.2269e+10,9107.6,588.63,-373.03,2.6199e+12,1.4117e+12,-2.8698e+10,-3280.2,5677.6,63.485,4.3053e+12,-1.2339e+12,-7.3811e+10,1461.3,5256.5,-142.53,1.6638e+12,-4.734e+12,2.526e+10,5242.7,646.37,-1607.1
1.8935e+06,1.6034e+08,9.9767e+08,-1.5362e+07,-11.526,7.2812,0.27614,-2.7536e+08,-6.8183e+10,-5.6283e+09,38930,2188.7,-3394,-2.2346e+10,1.0616e+11,2.7259e+09,-34376,-7503.6,1880.3,-1.196e+11,-9.0327e+10,-1.0149e+07,17552,-23791,1.8259,-7.135e+10,-2.1131e+11,-2.709e+09,23863,-5651.1,-704.15,-5.4929e+11,-5.9339e+11,1.4747e+10,9431.9,-8255.2,-176.82,9.93e+10,-1.5014e+12,2.2151e+10,9106.4,607.08,-373.3,2.6189e+12,1.4135e+12,-2.8678e+10,-3284.4,5675.4,63.531,4.3058e+12,-1.2323e+12,-7.3856e+10,1459.3,5257.1,-142.49,1.6655e+12,-4.7338e+12,2.4753e+10,5242.1,647.94,-1607.1
2.209e+06,1.567e+08,9.9996e+08,-1.5275e+07,-11.573,7.2345,0.27744,1.1938e+10,-6.6114e+10,-6.5801e+09,38193,10927,-2612.3,-3.3055e+10,1.0324e+11,3.3037e+09,-33438,-10995,1778.3,-1.1384e+11,-9.7653e+10,-9.5832e+06,18983,-22629,1.7613,-6.3779e+10,-2.1297e+11,-2.9295e+09,24116,-4854,-693.66,-5.4631e+11,-5.9599e+11,1.4691e+10,9475.1,-8208.2,-177.99,1.0217e+11,-1.5012e+12,2.2033e+10,9105.1,625.52,-373.57,2.6178e+12,1.4153e+12,-2.8658e+10,-3288.5,5673.1,63.576,4.3062e+12,-1.2306e+12,-7.3901e+10,1457.3,5257.7,-142.46,1.6671e+12,-4.7336e+12,2.4246e+10,5241.6,649.51,-1607.2
2.5246e+06,1.5304e+08,1.0022e+09,-1.5187e+07,-11.62,7.1871,0.27875,2.3651e+10,-6.1285e+10,-7.2605e+09,35795,19686,-1676.6,-4.3412e+10,9.9231e+10,3.8463e+09,-32144,-14372,1657.3,-1.0763e+11,-1.046e+11,-9.0383e+06,20336,-21383,1.6912,-5.6132e+10,-2.1437e+11,-3.1467e+09,24343,-4043.5,-682.25,-5.4331e+11,-5.9857e+11,1.4635e+10,9518.2,-8161,-179.14,1.0505e+11,-1.501e+12,2.1915e+10,9103.8,643.96,-373.84,2.6168e+12,1.4171e+12,-2.8638e+10,-3292.7,5670.9,63.622,4.3067e+12,-1.229e+12,-7.3946e+10,1455.3,5258.2,-142.43,1.6688e+12,-4.7334e+12,2.3739e+10,5241,651.08,-1607.2
2.8402e+06,1.4936e+08,1.0045e+09,-1.5099e+07,-11.667,7.1388,0.28008,3.4328e+10,-5.3714e+10,-7.6219e+09,31573,28237,-590.52,-5.3307e+10,9.4182e+10,4.3479e+09,-30509,-17597,1518.7,-1.0101e+11,-1.1114e+11,-8.5164e+06,21607,-20058,1.6159,-4.8418e+10,-2.1552e+11,-3.36e+09,24542,-3220.4,-669.9,-5.403e+11,-6.0114e+11,1.4578e+10,9561,-8113.6,-180.3,1.0792e+11,-1.5008e+12,2.1797e+10,9102.5,662.4,-374.11,2.6157e+12,1.4189e+12,-2.8618e+10,-3296.9,5668.6,63.668,4.3072e+12,-1.2273e+12,-7.3991e+10,1453.3,5258.8,-142.39,1.6704e+12,-4.7332e+12,2.3232e+10,5240.4,652.64,-1607.2
3.1558e+06,1.4567e+08,1.0067e+09,-1.501e+07,-11.715,7.0898,0.28143,4.3349e+10,-4.3507e+10,-7.6158e+09,25273,36281,644.72,-6.2634e+10,8.8144e+10,4.8031e+09,-28550,-20637,1363.9,-9.4002e+10,-1.1725e+11,-8.019e+06,22793,-18660,1.5356,-4.0646e+10,-2.164e+11,-3.5694e+09,24714,-2385.6,-656.62,-5.3727e+11,-6.0369e+11,1.4521e+10,9603.5,-8065.9,-181.45,1.1079e+11,-1.5006e+12,2.1679e+10,9101.1,680.83,-374.38,2.6147e+12,1.4206e+12,-2.8598e+10,-3301,5666.3,63.713,4.3076e+12,-1.2256e+12,-7.4035e+10,1451.2,5259.4,-142.36,1.6721e+12,-4.733e+12,2.2724e+10,5239.9,654.21,-1607.2
3.4713e+06,1.4197e+08,1.009e+09,-1.4921e+07,-11.762,7.0399,0.28278,5.0023e+10,-3.0915e+10,-7.1996e+09,16624,43281,2010.2,-7.1294e+10,8.118e+10,5.2072e+09,-26287,-23458,1194.6,-8.6634e+10,-1.2291e+11,-7.5477e+06,23888,-17194,1.4508,-3.2823e+10,-2.1702e+11,-3.7744e+09,24857,-1540,-642.41,-5.3424e+11,-6.0623e+11,1.4464e+10,9645.9,-8018,-182.6,1.1366e+11,-1.5003e+12,2.1561e+10,9099.7,699.27,-374.64,2.6137e+12,1.4224e+12,-2.8578e+10,-3305.2,5664.1,63.758,4.3081e+12,-1.224e+12,-7.408e+10,1449.2,5260,-142.32,1.6737e+12,-4.7328e+12,2.2217e+10,5239.3,655.78,-1607.2
3.7869e+06,1.3825e+08,1.0112e+09,-1.4832e+07,-11.809,6.9894,0.28414,5.3589e+10,-1.6386e+10,-6.34e+09,5501.3,48491,3456.3,-7.9196e+10,7.3365e+10,5.5558e+09,-23746,-26029,1012.7,-7.8935e+10,-1.281e+11,-7.1038e+06,24890,-15666,1.3617,-2.496e+10,-2.1737e+11,-3.9747e+09,24971,-684.55,-627.28,-5.3119e+11,-6.0875e+11,1.4406e+10,9688,-7969.9,-183.74,1.1654e+11,-1.5001e+12,2.1443e+10,9098.3,717.7,-374.91,2.6126e+12,1.4242e+12,-2.8558e+10,-3309.3,5661.8,63.804,4.3085e+12,-1.2223e+12,-7.4125e+10,1447.2,5260.5,-142.29,1.6754e+12,-4.7326e+12,2.171e+10,5238.8,657.35,-1607.2
4.1025e+06,1.3452e+08,1.0134e+09,-1.4742e+07,-11.856,6.9382,0.28552,5.3245e+10,-6.1795e+08,-5.0204e+09,-8048.6,50855,4892.5,-8.6255e+10,6.4781e+10,5.8452e+09,-20953,-28323,820.13,-7.0935e+10,-1.3279e+11,-6.6886e+06,25794,-14081,1.2687,-1.7066e+10,-2.1745e+11,-4.1702e+09,25055,179.75,-611.22,-5.2812e+11,-6.1126e+11,1.4348e+10,9730,-7921.6,-184.88,1.1941e+11,-1.4999e+12,2.1325e+10,9096.9,736.13,-375.17,2.6116e+12,1.426e+12,-2.8537e+10,-3313.5,5659.6,63.849,4.309e+12,-1.2207e+12,-7.417e+10,1445.2,5261.1,-142.25,1.677e+12,-4.7324e+12,2.1203e+10,5238.2,658.92,-1607.2
4.4181e+06,1.3077e+08,1.0156e+09,-1.4651e+07,-11.902,6.8867,0.28696,4.8317e+10,1.525e+10,-3.2721e+09,-23384,48853,6135.8,-9.2397e+10,5.5521e+10,6.0725e+09,-17940,-30314,618.95,-6.2666e+10,-1.3698e+11,-6.3034e+06,26599,-12447,1.1722,-9.1499e+09,-2.1726e+11,-4.3604e+09,25107,1051.8,-594.24,-5.2505e+11,-6.1375e+11,1.4289e+10,9771.6,-7873.1,-186.01,1.2228e+11,-1.4996e+12,2.1206e+10,9095.4,754.55,-375.43,2.6105e+12,1.4278e+12,-2.8517e+10,-3317.6,5657.3,63.895,4.3094e+12,-1.219e+12,-7.4215e+10,1443.2,5261.7,-142.22,1.6787e+12,-4.7322e+12,2.0696e+10,5237.7,660.48,-1607.2
4.7336e+06,1.27e+08,1.0177e+09,-1.4561e+07,-11.948,6.835,0.28848,3.8463e+10,2.9606e+10,-1.1954e+09,-38900,41098,6925.5,-9.7558e+10,4.5682e+10,6.2352e+09,-14740,-31983,411.37,-5.4158e+10,-1.4064e+11,-5.9492e+06,27302,-10769,1.0724,-1.2225e+09,-2.1679e+11,-4.5451e+09,25129,1930.5,-576.35,-5.2195e+11,-6.1623e+11,1.423e+10,9813.1,-7824.3,-187.14,1.2515e+11,-1.4994e+12,2.1088e+10,9093.8,772.98,-375.69,2.6095e+12,1.4296e+12,-2.8497e+10,-3321.8,5655,63.94,4.3099e+12,-1.2173e+12,-7.426e+10,1441.2,5262.2,-142.18,1.6804e+12,-4.732e+12,2.0189e+10,5237.1,662.05,-1607.2
5.0492e+06,1.2323e+08,1.0199e+09,-1.4469e+07,-11.995,6.7832,0.29013,2.4076e+10,4.0518e+10,1.0157e+09,-51522,27102,6939.9,-1.0168e+11,3.537e+10,6.3317e+09,-11387,-33311,199.66,-4.5445e+10,-1.4377e+11,-5.6269e+06,27900,-9052.7,0.96985,6.7067e+09,-2.1604e+11,-4.7241e+09,25118,2814.7,-557.55,-5.1885e+11,-6.1869e+11,1.4171e+10,9854.3,-7775.3,-188.27,1.2802e+11,-1.4992e+12,2.0969e+10,9092.2,791.4,-375.95,2.6084e+12,1.4314e+12,-2.8477e+10,-3325.9,5652.7,63.985,4.3103e+12,-1.2157e+12,-7.4305e+10,1439.2,5262.8,-142.15,1.682e+12,-4.7317e+12,1.9681e+10,5236.6,663.62,-1607.2
5.3648e+06,1.1943e+08,1.022e+09,-1.4378e+07,-12.042,6.731,0.29194,6.5777e+09,4.622e+10,3.0864e+09,-58153,8513.9,6029.2,-1.0473e+11,2.4695e+10,6.361e+09,-7917.7,-34285,-13.908,-3.656e+10,-1.4635e+11,-5.3373e+06,28392,-7305.3,0.86485,1.4627e+10,-2.1501e+11,-4.8969e+09,25075,3703.1,-537.87,-5.1574e+11,-6.2114e+11,1.4112e+10,9895.3,-7726.1,-189.39,1.3089e+11,-1.4989e+12,2.085e+10,9090.6,809.82,-376.2,2.6074e+12,1.4331e+12,-2.8457e+10,-3330.1,5650.5,64.031,4.3108e+12,-1.214e+12,-7.435e+10,1437.2,5263.4,-142.11,1.6837e+12,-4.7315e+12,1.9174e+10,5236,665.18,-1607.2
5.6804e+06,1.1562e+08,1.0241e+09,-1.4285e+07,-12.09,6.6778,0.29388,-1.1789e+10,4.5799e+10,4.7365e+09,-56963,-10987,4326.6,-1.0667e+11,1.3769e+10,6.323e+09,-4369.6,-34896,-227.03,-2.7537e+10,-1.4838e+11,-5.0812e+06,28776,-5533,0.7578,2.2529e+10,-2.137e+11,-5.0635e+09,24998,4594.4,-517.32,-5.1261e+11,-6.2357e+11,1.4052e+10,9936.1,-7676.7,-190.51,1.3375e+11,-1.4986e+12,2.0732e+10,9089,828.23,-376.46,2.6063e+12,1.4349e+12,-2.8437e+10,-3334.2,5648.2,64.076,4.3113e+12,-1.2124e+12,-7.4395e+10,1435.2,5263.9,-142.08,1.6853e+12,-4.7313e+12,1.8667e+10,5235.4,666.75,-1607.2
5.9959e+06,1.118e+08,1.0262e+09,-1.4192e+07,-12.139,6.6229,0.29586,-2.8644e+10,3.9603e+10,5.7761e+09,-48911,-27543,2235.1,-1.0749e+11,2.7089e+09,6.218e+09,-781.15,-35138,-437.42,-1.8409e+10,-1.4984e+11,-4.8592e+06,29051,-3742.1,0.64909,3.0401e+10,-2.1211e+11,-5.2234e+09,24888,5487.4,-495.9,-5.0946e+11,-6.2598e+11,1.3991e+10,9976.7,-7627.1,-191.62,1.3662e+11,-1.4984e+12,2.0613e+10,9087.3,846.64,-376.71,2.6053e+12,1.4367e+12,-2.8416e+10,-3338.4,5645.9,64.121,4.3117e+12,-1.2107e+12,-7.4439e+10,1433.2,5264.5,-142.05,1.687e+12,-4.7311e+12,1.816e+10,5234.9,668.31,-1607.2
6.3115e+06,1.0796e+08,1.0283e+09,-1.4098e+07,-12.188,6.566,0.29783,-4.2229e+10,2.8955e+10,6.1519e+09,-36727,-39047,177.35,-1.0717e+11,-8.3691e+09,6.0474e+09,2809.3,-35009,-642.85,-9.2125e+09,-1.5074e+11,-4.6717e+06,29217,-1939.1,0.53912,3.8233e+10,-2.1024e+11,-5.3764e+09,24744,6380.6,-473.65,-5.0631e+11,-6.2838e+11,1.3931e+10,10017,-7577.3,-192.73,1.3949e+11,-1.4981e+12,2.0494e+10,9085.6,865.05,-376.97,2.6042e+12,1.4385e+12,-2.8396e+10,-3342.5,5643.6,64.166,4.3122e+12,-1.209e+12,-7.4484e+10,1431.1,5265.1,-142.01,1.6886e+12,-4.7309e+12,1.7653e+10,5234.3,669.88,-1607.2
6.6271e+06,1.0411e+08,1.0304e+09,-1.4004e+07,-12.236,6.5072,0.29972,-5.1671e+10,1.552e+10,5.9198e+09,-23064,-45275,-1585.1,-1.0572e+11,-1.9348e+10,5.8131e+09,6363.6,-34512,-841.15,1.9465e+07,-1.5107e+11,-4.519e+06,29273,-130.47,0.42827,4.6015e+10,-2.0809e+11,-5.5222e+09,24565,7272.7,-450.57,-5.0314e+11,-6.3076e+11,1.387e+10,10057,-7527.2,-193.83,1.4236e+11,-1.4978e+12,2.0375e+10,9083.9,883.46,-377.22,2.6032e+12,1.4403e+12,-2.8376e+10,-3346.7,5641.3,64.211,4.3126e+12,-1.2074e+12,-7.4529e+10,1429.1,5265.6,-141.98,1.6903e+12,-4.7307e+12,1.7145e+10,5233.8,671.44,-1607.2
6.9427e+06,1.0024e+08,1.0324e+09,-1.3909e+07,-12.284,6.4465,0.30152,-5.6825e+10,8.4331e+08,5.1929e+09,-9748.5,-47081,-2954.2,-1.0316e+11,-3.0114e+10,5.5175e+09,9844.2,-33655,-1030.2,9.2517e+09,-1.5082e+11,-4.4014e+06,29219,1677.3,0.31696,5.3734e+10,-2.0565e+11,-5.6607e+09,24352,8162.1,-426.71,-4.9996e+11,-6.3313e+11,1.3808e+10,10097,-7477,-194.93,1.4522e+11,-1.4976e+12,2.0256e+10,9082.1,901.86,-377.47,2.6021e+12,1.4421e+12,-2.8356e+10,-3350.8,5639,64.256,4.3131e+12,-1.2057e+12,-7.4574e+10,1427.1,5266.2,-141.94,1.6919e+12,-4.7305e+12,1.6638e+10,5233.2,673,-1607.3
7.2582e+06,9.6356e+07,1.0344e+09,-1.3814e+07,-12.331,6.3842,0.30322,-5.7961e+10,-1.3844e+10,4.0966e+09,2282.1,-45550,-3932.8,-9.9516e+10,-4.0553e+10,5.164e+09,13215,-32447,-1208.2,1.845e+10,-1.5001e+11,-4.319e+06,29056,3477.8,0.20557,6.1381e+10,-2.0293e+11,-5.7915e+09,24104,9047.4,-402.07,-4.9677e+11,-6.3548e+11,1.3747e+10,10136,-7426.5,-196.03,1.4809e+11,-1.4973e+12,2.0137e+10,9080.3,920.26,-377.71,2.6011e+12,1.4438e+12,-2.8335e+10,-3355,5636.7,64.302,4.3135e+12,-1.204e+12,-7.4619e+10,1425.1,5266.8,-141.91,1.6936e+12,-4.7303e+12,1.6131e+10,5232.6,674.57,-1607.3
7.5738e+06,9.2458e+07,1.0364e+09,-1.3718e+07,-12.376,6.3206,0.30483,-5.5562e+10,-2.7653e+10,2.7477e+09,12624,-41614,-4559.9,-9.4832e+10,-5.0557e+10,4.7563e+09,16440,-30902,-1373.1,2.7579e+10,-1.4863e+11,-4.2716e+06,28783,5264.6,0.094509,6.8944e+10,-1.9994e+11,-5.9144e+09,23822,9927.1,-376.69,-4.9356e+11,-6.3782e+11,1.3685e+10,10176,-7375.8,-197.12,1.5095e+11,-1.497e+12,2.0017e+10,9078.4,938.66,-377.96,2.6e+12,1.4456e+12,-2.8315e+10,-3359.1,5634.4,64.347,4.314e+12,-1.2024e+12,-7.4663e+10,1423.1,5267.3,-141.87,1.6952e+12,-4.7301e+12,1.5624e+10,5232.1,676.13,-1607.3
7.8894e+06,8.8545e+07,1.0384e+09,-1.3621e+07,-12.421,6.2557,0.30635,-5.0177e+10,-3.9933e+10,1.2498e+09,21222,-35991,-4889.2,-8.9159e+10,-6.0023e+10,4.2989e+09,19487,-29038,-1523.3,3.6605e+10,-1.4669e+11,-4.2593e+06,28403,7031.4,-0.01583,7.6413e+10,-1.9667e+11,-6.0291e+09,23504,10800,-350.61,-4.9035e+11,-6.4014e+11,1.3622e+10,10215,-7324.9,-198.21,1.5382e+11,-1.4967e+12,1.9898e+10,9076.5,957.05,-378.21,2.5989e+12,1.4474e+12,-2.8295e+10,-3363.2,5632.1,64.392,4.3144e+12,-1.2007e+12,-7.4708e+10,1421.1,5267.9,-141.84,1.6969e+12,-4.7298e+12,1.5116e+10,5231.5,677.69,-1607.3
8.205e+06,8.4619e+07,1.0404e+09,-1.3525e+07,-12.463,6.1899,0.30778,-4.235e+10,-5.0244e+10,-3.1117e+08,28080,-29183,-4962,-8.2555e+10,-6.8853e+10,3.7966e+09,22324,-26877,-1657.4,4.5494e+10,-1.4419e+11,-4.2815e+06,27916,8771.8,-0.12506,8.3775e+10,-1.9313e+11,-6.1356e+09,23151,11663,-323.86,-4.8712e+11,-6.4244e+11,1.356e+10,10254,-7273.8,-199.29,1.5668e+11,-1.4964e+12,1.9779e+10,9074.6,975.44,-378.45,2.5979e+12,1.4492e+12,-2.8274e+10,-3367.4,5629.8,64.437,4.3149e+12,-1.1991e+12,-7.4753e+10,1419.1,5268.4,-141.8,1.6985e+12,-4.7296e+12,1.4609e+10,5231,679.26,-1607.3
8.5206e+06,8.0679e+07,1.0423e+09,-1.3427e+07,-12.505,6.1231,0.30913,-3.262e+10,-5.8266e+10,-1.8598e+09,33290,-21525,-4814.2,-7.5093e+10,-7.6957e+10,3.2546e+09,24924,-24440,-1774,5.4213e+10,-1.4116e+11,-4.338e+06,27324,10480,-0.23277,9.1021e+10,-1.8931e+11,-6.2335e+09,22763,12516,-296.46,-4.8388e+11,-6.4473e+11,1.3496e+10,10293,-7222.5,-200.37,1.5955e+11,-1.4961e+12,1.9659e+10,9072.6,993.83,-378.69,2.5968e+12,1.4509e+12,-2.8254e+10,-3371.5,5627.5,64.482,4.3153e+12,-1.1974e+12,-7.4798e+10,1417.1,5269,-141.77,1.7002e+12,-4.7294e+12,1.4102e+10,5230.4,680.82,-1607.3
8.8361e+06,7.6727e+07,1.0443e+09,-1.3329e+07,-12.545,6.0555,0.31039,-2.1505e+10,-6.3765e+10,-3.3292e+09,36921,-13257,-4471.7,-6.6852e+10,-8.4253e+10,2.6789e+09,27260,-21756,-1872,6.2729e+10,-1.3758e+11,-4.4282e+06,26630,12149,-0.3386,9.8139e+10,-1.8523e+11,-6.3226e+09,22341,13358,-268.47,-4.8062e+11,-6.47e+11,1.3433e+10,10331,-7171,-201.44,1.6241e+11,-1.4957e+12,1.954e+10,9070.7,1012.2,-378.93,2.5957e+12,1.4527e+12,-2.8234e+10,-3375.6,5625.2,64.527,4.3158e+12,-1.1957e+12,-7.4842e+10,1415.1,5269.5,-141.73,1.7018e+12,-4.7292e+12,1.3595e+10,5229.8,682.38,-1607.3
9.1517e+06,7.2762e+07,1.0462e+09,-1.3231e+07,-12.583,5.9873,0.31157,-9.4905e+09,-6.6588e+10,-4.6625e+09,38965,-4590.2,-3951,-5.7919e+10,-9.0666e+10,2.0752e+09,29309,-18853,-1950.4,7.101e+10,-1.3349e+11,-4.5515e+06,25836,13774,-0.44215,1.0512e+11,-1.8088e+11,-6.4029e+09,21885,14185,-239.92,-4.7735e+11,-6.4925e+11,1.3369e+10,10369,-7119.3,-202.51,1.6527e+11,-1.4954e+12,1.942e+10,9068.6,1030.6,-379.17,2.5947e+12,1.4545e+12,-2.8213e+10,-3379.8,5622.9,64.572,4.3162e+12,-1.1941e+12,-7.4887e+10,1413,5270.1,-141.7,1.7035e+12,-4.729e+12,1.3088e+10,5229.3,683.94,-1607.3
9.4673e+06,6.8785e+07,1.048e+09,-1.3133e+07,-12.62,5.9185,0.31267,2.924e+09,-6.663e+10,-5.8052e+09,39402,4341.3,-3261.3,-4.8386e+10,-9.6132e+10,1.45e+09,31051,-15761,-2008.6,7.9025e+10,-1.289e+11,-4.707e+06,24943,15348,-0.54306,1.1195e+11,-1.7628e+11,-6.474e+09,21394,14997,-210.86,-4.7408e+11,-6.5149e+11,1.3305e+10,10407,-7067.4,-203.57,1.6813e+11,-1.4951e+12,1.93e+10,9066.6,1049,-379.41,2.5936e+12,1.4563e+12,-2.8193e+10,-3383.9,5620.6,64.616,4.3166e+12,-1.1924e+12,-7.4932e+10,1411,5270.7,-141.66,1.7051e+12,-4.7288e+12,1.258e+10,5228.7,685.5,-1607.3
9.7829e+06,6.4797e+07,1.0499e+09,-1.3034e+07,-12.655,5.8493,0.31369,1.5207e+10,-6.383e+10,-6.7037e+09,38160,13409,-2406.4,-3.8355e+10,-1.006e+11,8.0967e+08,32471,-12512,-2045.9,8.6743e+10,-1.2381e+11,-4.8939e+06,23956,16866,-0.64094,1.1862e+11,-1.7142e+11,-6.5359e+09,20870,15793,-181.33,-4.7079e+11,-6.5372e+11,1.3241e+10,10445,-7015.3,-204.63,1.7099e+11,-1.4948e+12,1.918e+10,9064.5,1067.3,-379.65,2.5925e+12,1.458e+12,-2.8172e+10,-3388,5618.3,64.661,4.3171e+12,-1.1907e+12,-7.4976e+10,1409,5271.2,-141.63,1.7068e+12,-4.7285e+12,1.2073e+10,5228.2,687.06,-1607.3
1.0098e+07,6.0798e+07,1.0517e+09,-1.2935e+07,-12.689,5.7798,0.31462,2.6812e+10,-5.8177e+10,-7.3068e+09,35113,22403,-1391.9,-2.7928e+10,-1.0402e+11,1.6091e+08,33554,-9141.4,-2062.2,9.4135e+10,-1.1826e+11,-5.1112e+06,22878,18323,-0.73544,1.2512e+11,-1.6631e+11,-6.5884e+09,20313,16570,-151.38,-4.6748e+11,-6.5592e+11,1.3176e+10,10482,-6963,-205.69,1.7385e+11,-1.4944e+12,1.9061e+10,9062.3,1085.7,-379.88,2.5915e+12,1.4598e+12,-2.8152e+10,-3392.2,5615.9,64.706,4.3175e+12,-1.1891e+12,-7.5021e+10,1407,5271.8,-141.59,1.7084e+12,-4.7283e+12,1.1566e+10,5227.6,688.62,-1607.3
1.0414e+07,5.6789e+07,1.0535e+09,-1.2835e+07,-12.721,5.7102,0.31547,3.7151e+10,-4.9726e+10,-7.5651e+09,30085,31059,-223.35,-1.7214e+10,-1.0636e+11,-4.8965e+08,34291,-5682.1,-2057.2,1.0117e+11,-1.1225e+11,-5.3577e+06,21712,19712,-0.8262,1.3143e+11,-1.6096e+11,-6.6314e+09,19724,17326,-121.06,-4.6417e+11,-6.5811e+11,1.3111e+10,10519,-6910.5,-206.74,1.7671e+11,-1.4941e+12,1.8941e+10,9060.2,1104.1,-380.11,2.5904e+12,1.4616e+12,-2.8132e+10,-3396.3,5613.6,64.751,4.318e+12,-1.1874e+12,-7.5066e+10,1405,5272.3,-141.56,1.7101e+12,-4.7281e+12,1.1059e+10,5227,690.18,-1607.3
1.073e+07,5.277e+07,1.0553e+09,-1.2736e+07,-12.751,5.6406,0.31624,4.5551e+10,-3.864e+10,-7.4303e+09,22794,38981,1092.8,-6.3223e+09,-1.076e+11,-1.1353e+09,34675,-2169.8,-2031.2,1.0783e+11,-1.0582e+11,-5.6322e+06,20462,21029,-0.91286,1.3756e+11,-1.5538e+11,-6.6648e+09,19103,18061,-90.422,-4.6084e+11,-6.6028e+11,1.3046e+10,10556,-6857.7,-207.78,1.7957e+11,-1.4937e+12,1.8821e+10,9057.9,1122.4,-380.35,2.5893e+12,1.4634e+12,-2.8111e+10,-3400.4,5611.3,64.796,4.3184e+12,-1.1858e+12,-7.5111e+10,1403,5272.9,-141.52,1.7117e+12,-4.7279e+12,1.0551e+10,5226.5,691.74,-1607.3
1.1045e+07,4.8741e+07,1.0571e+09,-1.2636e+07,-12.779,5.5712,0.31693,5.1275e+10,-2.5263e+10,-6.8628e+09,13035,45533,2523.5,4.634e+09,-1.0772e+11,-1.7695e+09,34704,1359.7,-1984.5,1.1408e+11,-9.899e+10,-5.9334e+06,19133,22269,-0.99509,1.4349e+11,-1.4956e+11,-6.6884e+09,18452,18773,-59.523,-4.5751e+11,-6.6244e+11,1.298e+10,10593,-6804.8,-208.82,1.8243e+11,-1.4934e+12,1.8701e+10,9055.7,1140.8,-380.58,2.5883e+12,1.4651e+12,-2.8091e+10,-3404.5,5609,64.84,4.3189e+12,-1.1841e+12,-7.5155e+10,1401,5273.4,-141.49,1.7134e+12,-4.7277e+12,1.0044e+10,5225.9,693.3,-1607.3
1.1361e+07,4.4704e+07,1.0588e+09,-1.2536e+07,-12.806,5.5023,0.31756,5.3523e+10,-1.0146e+10,-5.8341e+09,764.21,49860,4002.8,1.5544e+10,-1.0674e+11,-2.3857e+09,34378,4871,-1917.5,1.199e+11,-9.1777e+10,-6.2598e+06,17729,23427,-1.0726,1.492e+11,-1.4353e+11,-6.7023e+09,17771,19460,-28.417,-4.5416e+11,-6.6458e+11,1.2914e+10,10629,-6751.7,-209.86,1.8529e+11,-1.493e+12,1.8581e+10,9053.4,1159.2,-380.81,2.5872e+12,1.4669e+12,-2.807e+10,-3408.6,5606.6,64.885,4.3193e+12,-1.1824e+12,-7.52e+10,1398.9,5274,-141.45,1.715e+12,-4.7275e+12,9.537e+09,5225.3,694.85,-1607.3
1.1676e+07,4.0659e+07,1.0606e+09,-1.2435e+07,-12.83,5.4342,0.31815,5.1516e+10,5.8304e+09,-4.3449e+09,-13787,50681,5404.8,2.6295e+10,-1.0466e+11,-2.9777e+09,33702,8329,-1831.1,1.2526e+11,-8.4213e+10,-6.6098e+06,16255,24498,-1.145,1.547e+11,-1.3728e+11,-6.7063e+09,17061,20121,2.8414,-4.508e+11,-6.667e+11,1.2847e+10,10666,-6698.4,-210.89,1.8814e+11,-1.4926e+12,1.846e+10,9051.1,1177.5,-381.03,2.5861e+12,1.4687e+12,-2.805e+10,-3412.8,5604.3,64.93,4.3197e+12,-1.1808e+12,-7.5244e+10,1396.9,5274.5,-141.42,1.7167e+12,-4.7272e+12,9.0298e+09,5224.8,696.41,-1607.3
1.1992e+07,3.6606e+07,1.0623e+09,-1.2335e+07,-12.854,5.3673,0.31874,4.4689e+10,2.1313e+10,-2.454e+09,-29571,46477,6509.3,3.6779e+10,-1.0149e+11,-3.5394e+09,32683,11699,-1726,1.3015e+11,-7.6325e+10,-6.9819e+06,14716,25478,-1.2121,1.5997e+11,-1.3083e+11,-6.7005e+09,16324,20754,34.193,-4.4743e+11,-6.688e+11,1.2781e+10,10702,-6644.9,-211.92,1.91e+11,-1.4923e+12,1.834e+10,9048.8,1195.8,-381.26,2.585e+12,1.4704e+12,-2.8029e+10,-3416.9,5601.9,64.975,4.3202e+12,-1.1791e+12,-7.5289e+10,1394.9,5275.1,-141.38,1.7183e+12,-4.727e+12,8.5225e+09,5224.2,697.97,-1607.3
1.2307e+07,3.2547e+07,1.064e+09,-1.2234e+07,-12.876,5.3017,0.31938,3.2941e+10,3.4501e+10,-2.9896e+08,-44452,36090,7025.7,4.6888e+10,-9.7285e+10,-4.0652e+09,31331,14948,-1603.4,1.3454e+11,-6.8143e+10,-7.3743e+06,13118,26363,-1.2737,1.65e+11,-1.2419e+11,-6.6848e+09,15561,21358,65.58,-4.4404e+11,-6.7089e+11,1.2714e+10,10737,-6591.2,-212.94,1.9386e+11,-1.4919e+12,1.822e+10,9046.4,1214.2,-381.48,2.5839e+12,1.4722e+12,-2.8009e+10,-3421,5599.6,65.019,4.3206e+12,-1.1774e+12,-7.5334e+10,1392.9,5275.6,-141.35,1.72e+12,-4.7268e+12,8.0153e+09,5223.6,699.53,-1607.3
1.2623e+07,2.848e+07,1.0656e+09,-1.2133e+07,-12.898,5.2377,0.32012,1.7094e+10,4.3462e+10,1.8866e+09,-55004,19810,6663.4,5.652e+10,-9.2075e+10,-4.5497e+09,29660,18043,-1464.6,1.3842e+11,-5.9696e+10,-7.7852e+06,11465,27150,-1.3295,1.6979e+11,-1.1736e+11,-6.6591e+09,14773,21931,96.942,-4.4065e+11,-6.7296e+11,1.2646e+10,10773,-6537.3,-213.95,1.9671e+11,-1.4915e+12,1.8099e+10,9044,1232.5,-381.71,2.5829e+12,1.474e+12,-2.7988e+10,-3425.1,5597.3,65.064,4.3211e+12,-1.1758e+12,-7.5378e+10,1390.9,5276.2,-141.31,1.7216e+12,-4.7266e+12,7.5081e+09,5223.1,701.08,-1607.3
1.2939e+07,2.4406e+07,1.0673e+09,-1.2032e+07,-12.92,5.1748,0.32097,-1.0372e+09,4.6649e+10,3.81e+09,-58585,200.16,5389.6,6.5576e+10,-8.5916e+10,-4.988e+09,27688,20954,-1310.8,1.4178e+11,-5.1017e+10,-8.2127e+06,9764.6,27835,-1.3792,1.7432e+11,-1.1035e+11,-6.6236e+09,13961,22473,128.22,-4.3725e+11,-6.7502e+11,1.2579e+10,10808,-6483.2,-214.97,1.9956e+11,-1.4911e+12,1.7979e+10,9041.5,1250.9,-381.93,2.5818e+12,1.4757e+12,-2.7968e+10,-3429.2,5594.9,65.108,4.3215e+12,-1.1741e+12,-7.5423e+10,1388.9,5276.7,-141.28,1.7233e+12,-4.7264e+12,7.0008e+09,5222.5,702.64,-1607.3
1.3254e+07,2.0325e+07,1.0689e+09,-1.1931e+07,-12.942,5.1125,0.3219,-1.9034e+10,4.3669e+10,5.217e+09,-54236,-18680,3447.9,7.3965e+10,-7.8872e+10,-5.3756e+09,25434,23652,-1143.7,1.4458e+11,-4.2139e+10,-8.655e+06,8021.8,28415,-1.4227,1.786e+11,-1.0318e+11,-6.5782e+09,13128,22983,159.36,-4.3383e+11,-6.7706e+11,1.2511e+10,10843,-6428.9,-215.97,2.0242e+11,-1.4907e+12,1.7858e+10,9039,1269.2,-382.15,2.5807e+12,1.4775e+12,-2.7947e+10,-3433.3,5592.5,65.153,4.3219e+12,-1.1724e+12,-7.5467e+10,1386.9,5277.3,-141.24,1.7249e+12,-4.7261e+12,6.4936e+09,5221.9,704.19,-1607.3
1.357e+07,1.6238e+07,1.0705e+09,-1.1829e+07,-12.964,5.0502,0.32282,-3.4652e+10,3.5303e+10,5.9658e+09,-43987,-33457,1300.2,8.1601e+10,-7.1014e+10,-5.7086e+09,22920,26109,-964.94,1.4684e+11,-3.3094e+10,-9.11e+06,6243.4,28887,-1.4599,1.8261e+11,-9.5848e+10,-6.523e+09,12273,23459,190.29,-4.304e+11,-6.7908e+11,1.2442e+10,10878,-6374.5,-216.97,2.0527e+11,-1.4903e+12,1.7738e+10,9036.5,1287.5,-382.37,2.5796e+12,1.4793e+12,-2.7927e+10,-3437.5,5590.2,65.197,4.3224e+12,-1.1708e+12,-7.5512e+10,1384.8,5277.8,-141.21,1.7266e+12,-4.7259e+12,5.9864e+09,5221.4,705.75,-1607.3
1.3885e+07,1.2143e+07,1.0721e+09,-1.1727e+07,-12.985,4.9878,0.32369,-4.6468e+10,2.3126e+10,6.0544e+09,-30604,-42825,-693.07,8.8406e+10,-6.2421e+10,-5.9836e+09,20171,28301,-776.24,1.4852e+11,-2.3918e+10,-9.5758e+06,4435.7,29249,-1.4906,1.8634e+11,-8.8375e+10,-6.4581e+09,11400,23900,220.96,-4.2696e+11,-6.8108e+11,1.2374e+10,10912,-6319.8,-217.97,2.0812e+11,-1.4899e+12,1.7617e+10,9033.9,1305.8,-382.58,2.5785e+12,1.481e+12,-2.7906e+10,-3441.6,5587.8,65.242,4.3228e+12,-1.1691e+12,-7.5557e+10,1382.8,5278.4,-141.17,1.7282e+12,-4.7257e+12,5.4791e+09,5220.8,707.31,-1607.3
1.4201e+07,8.0421e+06,1.0736e+09,-1.1625e+07,-13.006,4.9254,0.32447,-5.3909e+10,8.8211e+09,5.5677e+09,-16608,-47041,-2321.6,9.431e+10,-5.3181e+10,-6.1977e+09,17215,30207,-579.51,1.4963e+11,-1.4645e+10,-1.005e+07,2605.6,29499,-1.5148,1.898e+11,-8.0768e+10,-6.3836e+09,10510,24305,251.3,-4.2351e+11,-6.8307e+11,1.2305e+10,10946,-6264.9,-218.96,2.1097e+11,-1.4895e+12,1.7496e+10,9031.4,1324.1,-382.8,2.5774e+12,1.4828e+12,-2.7885e+10,-3445.7,5585.5,65.286,4.3233e+12,-1.1674e+12,-7.5601e+10,1380.8,5278.9,-141.14,1.7299e+12,-4.7255e+12,4.9719e+09,5220.2,708.86,-1607.3
1.4516e+07,3.9345e+06,1.0752e+09,-1.1522e+07,-13.026,4.8633,0.32517,-5.7038e+10,-6.1343e+09,4.6323e+09,-3430.4,-47159,-3540.1,9.9252e+10,-4.3388e+10,-6.3487e+09,14080,31805,-376.7,1.5016e+11,-5.3115e+09,-1.0531e+07,759.73,29635,-1.5322,1.9297e+11,-7.3038e+10,-6.2996e+09,9603.8,24674,281.27,-4.2006e+11,-6.8503e+11,1.2236e+10,10980,-6209.9,-219.95,2.1382e+11,-1.4891e+12,1.7375e+10,9028.7,1342.5,-383.01,2.5764e+12,1.4846e+12,-2.7865e+10,-3449.8,5583.1,65.331,4.3237e+12,-1.1658e+12,-7.5646e+10,1378.8,5279.5,-141.1,1.7315e+12,-4.7252e+12,4.4647e+09,5219.7,710.41,-1607.3
1.4832e+07,-1.7936e+05,1.0767e+09,-1.1419e+07,-13.045,4.8017,0.32578,-5.6244e+10,-2.0623e+10,3.3752e+09,8161,-44237,-4364.7,1.0318e+11,-3.3141e+10,-6.4351e+09,10799,33081,-169.83,1.5011e+11,4.047e+09,-1.1017e+07,-1094.8,29656,-1.543,1.9586e+11,-6.5198e+10,-6.2061e+09,8684,25006,310.8,-4.1658e+11,-6.8698e+11,1.2166e+10,11014,-6154.7,-220.93,2.1667e+11,-1.4886e+12,1.7254e+10,9026.1,1360.8,-383.23,2.5753e+12,1.4863e+12,-2.7844e+10,-3453.9,5580.7,65.375,4.3241e+12,-1.1641e+12,-7.569e+10,1376.8,5280,-141.07,1.7331e+12,-4.725e+12,3.9574e+09,5219.1,711.97,-1607.3
1.5148e+07,-4.2991e+06,1.0782e+09,-1.1317e+07,-13.064,4.7407,0.32633,-5.2077e+10,-3.383e+10,1.9133e+09,17936,-39157,-4846.4,1.0606e+11,-2.2545e+10,-6.4557e+09,7402.5,34019,39.027,1.4947e+11,1.3394e+10,-1.1504e+07,-2950.9,29561,-1.547,1.9845e+11,-5.726e+10,-6.1035e+09,7752.1,25301,339.84,-4.131e+11,-6.8892e+11,1.2096e+10,11047,-6099.3,-221.91,2.1952e+11,-1.4882e+12,1.7133e+10,9023.4,1379.1,-383.44,2.5742e+12,1.4881e+12,-2.7824e+10,-3458,5578.4,65.419,4.3246e+12,-1.1624e+12,-7.5735e+10,1374.8,5280.5,-141.03,1.7348e+12,-4.7248e+12,3.4502e+09,5218.5,713.52,-1607.3
1.5463e+07,-8.4244e+06,1.0797e+09,-1.1213e+07,-13.081,4.6805,0.32683,-4.5119e+10,-4.5178e+10,3.4731e+08,25858,-32570,-5034.8,1.0785e+11,-1.1707e+10,-6.4104e+09,3925.8,34611,247.78,1.4825e+11,2.2693e+10,-1.1992e+07,-4801.3,29350,-1.5444,2.0075e+11,-4.9234e+10,-5.9917e+09,6809.9,25557,368.33,-4.0961e+11,-6.9083e+11,1.2026e+10,11080,-6043.7,-222.88,2.2236e+11,-1.4878e+12,1.7012e+10,9020.6,1397.4,-383.65,2.5731e+12,1.4898e+12,-2.7803e+10,-3462.1,5576,65.464,4.325e+12,-1.1608e+12,-7.5779e+10,1372.7,5281.1,-140.99,1.7364e+12,-4.7246e+12,2.943e+09,5218,715.07,-1607.3
1.5779e+07,-1.2555e+07,1.0812e+09,-1.111e+07,-13.098,4.6211,0.32728,-3.5944e+10,-5.4276e+10,-1.2383e+09,31962,-24927,-4970.3,1.0853e+11,-7.3716e+08,-6.2996e+09,403.17,34849,454.32,1.4644e+11,3.1906e+10,-1.2478e+07,-6638.9,29023,-1.5351,2.0275e+11,-4.1133e+10,-5.871e+09,5859.3,25775,396.23,-4.0611e+11,-6.9273e+11,1.1955e+10,11113,-5987.9,-223.84,2.2521e+11,-1.4873e+12,1.6891e+10,9017.9,1415.7,-383.86,2.572e+12,1.4916e+12,-2.7782e+10,-3466.2,5573.6,65.508,4.3254e+12,-1.1591e+12,-7.5824e+10,1370.7,5281.6,-140.96,1.7381e+12,-4.7243e+12,2.4357e+09,5217.4,716.63,-1607.3
1.6094e+07,-1.6691e+07,1.0826e+09,-1.1007e+07,-13.114,4.5627,0.3277,-2.5121e+10,-6.0834e+10,-2.7674e+09,36344,-16528,-4686,1.081e+11,1.0251e+10,-6.1241e+09,-3129.5,34729,656.54,1.4406e+11,4.0999e+10,-1.296e+07,-8456.1,28581,-1.5191,2.0445e+11,-3.297e+10,-5.7417e+09,4902.1,25954,423.47,-4.026e+11,-6.9461e+11,1.1885e+10,11146,-5932,-224.81,2.2806e+11,-1.4869e+12,1.677e+10,9015.1,1433.9,-384.06,2.5709e+12,1.4934e+12,-2.7762e+10,-3470.3,5571.2,65.552,4.3259e+12,-1.1574e+12,-7.5868e+10,1368.7,5282.2,-140.92,1.7397e+12,-4.7241e+12,1.9285e+09,5216.8,718.18,-1607.3
1.641e+07,-2.0832e+07,1.0841e+09,-1.0903e+07,-13.13,4.5053,0.3281,-1.319e+10,-6.4652e+10,-4.1744e+09,39026,-7624.4,-4204.5,1.0656e+11,2.1144e+10,-5.8859e+09,-6636.4,34251,852.37,1.4111e+11,4.9933e+10,-1.3436e+07,-10246,28024,-1.4965,2.0584e+11,-2.4756e+10,-5.6038e+09,3940.1,26095,450.02,-3.9908e+11,-6.9648e+11,1.1814e+10,11178,-5875.8,-225.76,2.309e+11,-1.4864e+12,1.6649e+10,9012.2,1452.2,-384.27,2.5698e+12,1.4951e+12,-2.7741e+10,-3474.4,5568.9,65.597,4.3263e+12,-1.1558e+12,-7.5913e+10,1366.7,5282.7,-140.89,1.7414e+12,-4.7239e+12,1.4212e+09,5216.2,719.73,-1607.3
1.6726e+07,-2.4978e+07,1.0855e+09,-1.08e+07,-13.146,4.4489,0.32848,-6.7175e+08,-6.561e+10,-5.4014e+09,39985,1582.9,-3540,1.0392e+11,3.1831e+10,-5.587e+09,-10082,33420,1039.8,1.376e+11,5.8674e+10,-1.3904e+07,-12001,27354,-1.4672,2.0694e+11,-1.6504e+10,-5.4577e+09,2975.2,26196,475.83,-3.9554e+11,-6.9832e+11,1.1742e+10,11210,-5819.5,-226.71,2.3374e+11,-1.4859e+12,1.6528e+10,9009.3,1470.5,-384.47,2.5687e+12,1.4969e+12,-2.772e+10,-3478.5,5566.5,65.641,4.3267e+12,-1.1541e+12,-7.5957e+10,1364.7,5283.3,-140.85,1.743e+12,-4.7237e+12,9.1401e+08,5215.7,721.28,-1607.3
1.7041e+07,-2.9129e+07,1.0869e+09,-1.0696e+07,-13.161,4.3935,0.32886,1.1869e+10,-6.363e+10,-6.3905e+09,39171,10960,-2699.1,1.002e+11,4.2201e+10,-5.2307e+09,-13430,32241,1216.9,1.3354e+11,6.7186e+10,-1.4362e+07,-13713,26572,-1.431,2.0772e+11,-8.2266e+09,-5.3036e+09,2009.2,26259,500.84,-3.92e+11,-7.0015e+11,1.167e+10,11242,-5763,-227.66,2.3659e+11,-1.4855e+12,1.6406e+10,9006.4,1488.8,-384.67,2.5676e+12,1.4986e+12,-2.7699e+10,-3482.6,5564.1,65.685,4.3271e+12,-1.1524e+12,-7.6002e+10,1362.7,5283.8,-140.82,1.7447e+12,-4.7234e+12,4.0677e+08,5215.1,722.83,-1607.3
1.7357e+07,-3.3285e+07,1.0882e+09,-1.0592e+07,-13.177,4.3391,0.32923,2.385e+10,-5.8696e+10,-7.0868e+09,36473,20302,-1688.3,9.5454e+10,5.2145e+10,-4.8203e+09,-16647,30726,1381.7,1.2895e+11,7.5434e+10,-1.4807e+07,-15377,25683,-1.3877,2.082e+11,6.4835e+07,-5.1417e+09,1043.8,26283,525.03,-3.8845e+11,-7.0196e+11,1.1598e+10,11273,-5706.3,-228.6,2.3943e+11,-1.485e+12,1.6285e+10,9003.5,1507.1,-384.88,2.5665e+12,1.5004e+12,-2.7679e+10,-3486.7,5561.7,65.729,4.3276e+12,-1.1508e+12,-7.6046e+10,1360.6,5284.3,-140.78,1.7463e+12,-4.7232e+12,-1.0047e+08,5214.5,724.38,-1607.3
1.7672e+07,-3.7446e+07,1.0896e+09,-1.0488e+07,-13.192,4.2857,0.32961,3.4666e+10,-5.0855e+10,-7.4387e+09,31740,29315,-517.6,8.9714e+10,6.156e+10,-4.3601e+09,-19697,28890,1532.5,1.2384e+11,8.3384e+10,-1.5237e+07,-16984,24687,-1.3371,2.0838e+11,8.3578e+09,-4.9723e+09,80.938,26268,548.36,-3.8489e+11,-7.0375e+11,1.1526e+10,11304,-5649.5,-229.53,2.4227e+11,-1.4845e+12,1.6163e+10,9000.5,1525.3,-385.07,2.5654e+12,1.5021e+12,-2.7658e+10,-3490.8,5559.3,65.773,4.328e+12,-1.1491e+12,-7.609e+10,1358.6,5284.9,-140.75,1.748e+12,-4.723e+12,-6.0771e+08,5213.9,725.93,-1607.3
1.7988e+07,-4.1611e+07,1.0909e+09,-1.0384e+07,-13.207,4.2333,0.32999,4.3631e+10,-4.0259e+10,-7.3957e+09,24726,37629,805.25,8.3042e+10,7.0347e+10,-3.8547e+09,-22550,26748,1667.8,1.1824e+11,9.1004e+10,-1.565e+07,-18527,23589,-1.2789,2.0825e+11,1.664e+10,-4.7957e+09,-877.74,26216,570.78,-3.8131e+11,-7.0553e+11,1.1454e+10,11335,-5592.4,-230.46,2.4511e+11,-1.484e+12,1.6042e+10,8997.5,1543.6,-385.27,2.5643e+12,1.5039e+12,-2.7637e+10,-3494.9,5556.9,65.817,4.3284e+12,-1.1474e+12,-7.6135e+10,1356.6,5285.4,-140.71,1.7496e+12,-4.7227e+12,-1.1149e+09,5213.4,727.48,-1607.3
1.8303e+07,-4.5781e+07,1.0923e+09,-1.028e+07,-13.223,4.1819,0.33039,4.9997e+10,-2.7237e+10,-6.916e+09,15187,44610,2250.8,7.5506e+10,7.8412e+10,-3.3093e+09,-25173,24324,1785.9,1.1215e+11,9.8262e+10,-1.6043e+07,-20001,22393,-1.213,2.0783e+11,2.49e+10,-4.6122e+09,-1830.5,26126,592.28,-3.7773e+11,-7.0728e+11,1.1381e+10,11366,-5535.2,-231.39,2.4795e+11,-1.4836e+12,1.592e+10,8994.4,1561.8,-385.47,2.5632e+12,1.5056e+12,-2.7616e+10,-3499,5554.5,65.861,4.3289e+12,-1.1458e+12,-7.6179e+10,1354.6,5285.9,-140.68,1.7513e+12,-4.7225e+12,-1.6222e+09,5212.8,729.03,-1607.3
1.8619e+07,-4.9956e+07,1.0936e+09,-1.0176e+07,-13.238,4.1317,0.33081,5.2956e+10,-1.234e+10,-5.9706e+09,3090.6,49413,3753,6.7182e+10,8.5671e+10,-2.7294e+09,-27540,21641,1885.7,1.0562e+11,1.0513e+11,-1.6414e+07,-21397,21103,-1.1396,2.071e+11,3.3125e+10,-4.422e+09,-2775.7,25998,612.8,-3.7414e+11,-7.0902e+11,1.1308e+10,11397,-5477.9,-232.3,2.5079e+11,-1.4831e+12,1.5798e+10,8991.4,1580.1,-385.66,2.5621e+12,1.5074e+12,-2.7596e+10,-3503,5552.1,65.905,4.3293e+12,-1.1441e+12,-7.6224e+10,1352.6,5286.5,-140.64,1.7529e+12,-4.7223e+12,-2.1294e+09,5212.2,730.58,-1607.3
1.8935e+07,-5.4137e+07,1.0949e+09,-1.0071e+07,-13.254,4.0827,0.33129,5.1704e+10,3.5897e+09,-4.5544e+09,-11355,50863,5196.6,5.8154e+10,9.2046e+10,-2.1212e+09,-29623,18725,1965.9,9.8658e+10,1.1157e+11,-1.6762e+07,-22712,19724,-1.0588,2.0608e+11,4.1305e+10,-4.2255e+09,-3711.7,25835,632.34,-3.7054e+11,-7.1074e+11,1.1234e+10,11427,-5420.3,-233.22,2.5362e+11,-1.4826e+12,1.5677e+10,8988.2,1598.3,-385.86,2.561e+12,1.5091e+12,-2.7575e+10,-3507.1,5549.7,65.949,4.3297e+12,-1.1424e+12,-7.6268e+10,1350.5,5287,-140.6,1.7545e+12,-4.7221e+12,-2.6367e+09,5211.6,732.13,-1607.3
1.925e+07,-5.8322e+07,1.0962e+09,-9.9666e+06,-13.27,4.0352,0.33186,4.5637e+10,1.9244e+10,-2.7191e+09,-27213,47404,6368.7,4.8517e+10,9.7469e+10,-1.4908e+09,-31400,15608,2025.7,9.1295e+10,1.1757e+11,-1.7082e+07,-23937,18261,-0.97117,2.0476e+11,4.9427e+10,-4.023e+09,-4637,25635,650.87,-3.6693e+11,-7.1244e+11,1.116e+10,11457,-5362.6,-234.13,2.5646e+11,-1.4821e+12,1.5555e+10,8985.1,1616.6,-386.05,2.5599e+12,1.5109e+12,-2.7554e+10,-3511.2,5547.3,65.993,4.3301e+12,-1.1408e+12,-7.6312e+10,1348.5,5287.5,-140.57,1.7562e+12,-4.7218e+12,-3.1439e+09,5211.1,733.68,-1607.3
1.9566e+07,-6.2512e+07,1.0974e+09,-9.8618e+06,-13.288,3.9891,0.33257,3.4581e+10,3.2857e+10,-5.9286e+08,-42519,37820,6989.9,3.837e+10,1.0188e+11,-8.4488e+08,-32851,12320,2064.3,8.356e+10,1.2309e+11,-1.7374e+07,-25068,16720,-0.87714,2.0315e+11,5.7481e+10,-3.8148e+09,-5550,25401,668.37,-3.6331e+11,-7.1412e+11,1.1086e+10,11486,-5304.7,-235.03,2.5929e+11,-1.4815e+12,1.5433e+10,8981.9,1634.8,-386.24,2.5588e+12,1.5126e+12,-2.7533e+10,-3515.3,5544.9,66.037,4.3306e+12,-1.1391e+12,-7.6357e+10,1346.5,5288.1,-140.53,1.7578e+12,-4.7216e+12,-3.6511e+09,5210.5,735.22,-1607.3
1.9881e+07,-6.6708e+07,1.0987e+09,-9.7567e+06,-13.306,3.9445,0.33347,1.9219e+10,4.2458e+10,1.6006e+09,-53919,22121,6752.8,2.7819e+10,1.0523e+11,-1.9019e+08,-33959,8896.7,2081.3,7.5484e+10,1.2811e+11,-1.7635e+07,-26099,15106,-0.77728,2.0126e+11,6.5456e+10,-3.6013e+09,-6449.4,25133,684.81,-3.5968e+11,-7.1579e+11,1.1012e+10,11515,-5246.7,-235.92,2.6213e+11,-1.481e+12,1.5311e+10,8978.7,1653,-386.43,2.5577e+12,1.5144e+12,-2.7512e+10,-3519.4,5542.5,66.081,4.331e+12,-1.1374e+12,-7.6401e+10,1344.5,5288.6,-140.5,1.7595e+12,-4.7214e+12,-4.1584e+09,5209.9,736.77,-1607.3
2.0197e+07,-7.0911e+07,1.0999e+09,-9.6513e+06,-13.327,3.9008,0.33457,1.2655e+09,4.6407e+10,3.5699e+09,-58553,2574.2,5580.7,1.6975e+10,1.0748e+11,4.6641e+08,-34711,5373.8,2076.3,6.7099e+10,1.3262e+11,-1.7864e+07,-27026,13427,-0.67215,1.9908e+11,7.334e+10,-3.3827e+09,-7333.8,24831,700.19,-3.5604e+11,-7.1743e+11,1.0937e+10,11544,-5188.5,-236.82,2.6496e+11,-1.4805e+12,1.5189e+10,8975.4,1671.2,-386.62,2.5566e+12,1.5161e+12,-2.7491e+10,-3523.5,5540.1,66.125,4.3314e+12,-1.1358e+12,-7.6445e+10,1342.5,5289.1,-140.46,1.7611e+12,-4.7211e+12,-4.6656e+09,5209.3,738.32,-1607.3
2.0512e+07,-7.512e+07,1.1011e+09,-9.5455e+06,-13.35,3.8573,0.33584,-1.6874e+10,4.4102e+10,5.0453e+09,-55134,-16834,3681.1,5.9501e+09,1.0862e+11,1.118e+09,-35097,1788.7,2049.4,5.8438e+10,1.3658e+11,-1.8059e+07,-27844,11690,-0.56233,1.9663e+11,8.1125e+10,-3.1594e+09,-8201.9,24497,714.5,-3.5239e+11,-7.1906e+11,1.0863e+10,11573,-5130.1,-237.7,2.6779e+11,-1.48e+12,1.5067e+10,8972.1,1689.4,-386.8,2.5554e+12,1.5179e+12,-2.7471e+10,-3527.5,5537.6,66.169,4.3318e+12,-1.1341e+12,-7.649e+10,1340.4,5289.7,-140.43,1.7628e+12,-4.7209e+12,-5.1728e+09,5208.8,739.87,-1607.3
2.0828e+07,-7.9337e+07,1.1023e+09,-9.4393e+06,-13.375,3.8132,0.33721,-3.285e+10,3.6191e+10,5.8641e+09,-45272,-32452,1500.1,-5.138e+09,1.0861e+11,1.7576e+09,-35113,-1820.3,2000.9,4.9537e+10,1.3999e+11,-1.8218e+07,-28549,9901.1,-0.44838,1.9391e+11,8.8798e+10,-2.9319e+09,-9052.4,24132,727.72,-3.4874e+11,-7.2067e+11,1.0787e+10,11602,-5071.5,-238.58,2.7062e+11,-1.4794e+12,1.4945e+10,8968.8,1707.7,-386.99,2.5543e+12,1.5196e+12,-2.745e+10,-3531.6,5535.2,66.213,4.3323e+12,-1.1324e+12,-7.6534e+10,1338.4,5290.2,-140.39,1.7644e+12,-4.7207e+12,-5.6801e+09,5208.2,741.41,-1607.3
2.1144e+07,-8.3562e+07,1.1035e+09,-9.3327e+06,-13.402,3.7681,0.3386,-4.5073e+10,2.4201e+10,6.0053e+09,-31824,-42606,-563.26,-1.6173e+10,1.0747e+11,2.3786e+09,-34758,-5414.4,1931,4.0432e+10,1.4283e+11,-1.8341e+07,-29137,8068.2,-0.33087,1.9092e+11,9.6352e+10,-2.7003e+09,-9884.2,23737,739.85,-3.4507e+11,-7.2226e+11,1.0712e+10,11630,-5012.8,-239.46,2.7345e+11,-1.4789e+12,1.4823e+10,8965.4,1725.9,-387.17,2.5532e+12,1.5214e+12,-2.7429e+10,-3535.7,5532.8,66.257,4.3327e+12,-1.1308e+12,-7.6578e+10,1336.4,5290.7,-140.35,1.7661e+12,-4.7204e+12,-6.1873e+09,5207.6,742.96,-1607.3
2.1459e+07,-8.7796e+07,1.1047e+09,-9.2256e+06,-13.43,3.722,0.33998,-5.2841e+10,9.8732e+09,5.5468e+09,-17436,-47361,-2271.7,-2.7037e+10,1.052e+11,2.9742e+09,-34034,-8954.8,1840.7,3.116e+10,1.4508e+11,-1.8427e+07,-29607,6199,-0.21034,1.8767e+11,1.0378e+11,-2.465e+09,-10696,23312,750.88,-3.414e+11,-7.2384e+11,1.0636e+10,11658,-4953.9,-240.32,2.7628e+11,-1.4783e+12,1.4701e+10,8962,1744.1,-387.35,2.5521e+12,1.5231e+12,-2.7408e+10,-3539.8,5530.4,66.3,4.3331e+12,-1.1291e+12,-7.6623e+10,1334.4,5291.2,-140.32,1.7677e+12,-4.7202e+12,-6.6945e+09,5207,744.5,-1607.3
2.1775e+07,-9.2039e+07,1.1059e+09,-9.1181e+06,-13.459,3.6749,0.34133,-5.6157e+10,-5.2303e+09,4.6164e+09,-3777.1,-47720,-3554,-3.7615e+10,1.0183e+11,3.5383e+09,-32948,-12403,1730.7,2.1758e+10,1.4674e+11,-1.8474e+07,-29955,4301.6,-0.087345,1.8417e+11,1.1106e+11,-2.2265e+09,-11487,22860,760.82,-3.3771e+11,-7.2539e+11,1.056e+10,11685,-4894.9,-241.19,2.7911e+11,-1.4778e+12,1.4578e+10,8958.6,1762.2,-387.53,2.551e+12,1.5249e+12,-2.7387e+10,-3543.8,5527.9,66.344,4.3335e+12,-1.1274e+12,-7.6667e+10,1332.4,5291.8,-140.28,1.7693e+12,-4.72e+12,-7.2018e+09,5206.5,746.05,-1607.3
2.209e+07,-9.6291e+07,1.107e+09,-9.0102e+06,-13.488,3.6268,0.34265,-5.5395e+10,-1.99e+10,3.3475e+09,8290.8,-44798,-4422.4,-4.7795e+10,9.7384e+10,4.0646e+09,-31513,-15722,1602.3,1.2267e+10,1.4779e+11,-1.8482e+07,-30179,2384,0.03757,1.8042e+11,1.182e+11,-1.9849e+09,-12257,22381,769.67,-3.3402e+11,-7.2693e+11,1.0484e+10,11713,-4835.7,-242.04,2.8194e+11,-1.4772e+12,1.4456e+10,8955.1,1780.4,-387.71,2.5499e+12,1.5266e+12,-2.7366e+10,-3547.9,5525.5,66.388,4.3339e+12,-1.1257e+12,-7.6711e+10,1330.3,5292.3,-140.25,1.771e+12,-4.7197e+12,-7.709e+09,5205.9,747.59,-1607.3
2.2406e+07,-1.0055e+08,1.1082e+09,-8.9018e+06,-13.518,3.5778,0.34395,-5.1124e+10,-3.326e+10,1.8636e+09,18444,-39538,-4924.1,-5.7469e+10,9.192e+10,4.5478e+09,-29742,-18875,1456.9,2.7237e+09,1.4824e+11,-1.845e+07,-30279,454.61,0.16385,1.7644e+11,1.2519e+11,-1.7408e+09,-13004,21877,777.43,-3.3032e+11,-7.2844e+11,1.0408e+10,11740,-4776.3,-242.9,2.8476e+11,-1.4767e+12,1.4334e+10,8951.6,1798.6,-387.89,2.5487e+12,1.5284e+12,-2.7345e+10,-3552,5523.1,66.431,4.3344e+12,-1.1241e+12,-7.6755e+10,1328.3,5292.8,-140.21,1.7726e+12,-4.7195e+12,-8.2162e+09,5205.3,749.14,-1607.3
2.2721e+07,-1.0482e+08,1.1093e+09,-8.7931e+06,-13.549,3.528,0.34522,-4.3961e+10,-4.4683e+10,2.7264e+08,26632,-32652,-5112.4,-6.6534e+10,8.5492e+10,4.9825e+09,-27655,-21828,1295.9,-6.8309e+09,1.4808e+11,-1.8378e+07,-30253,-1478.3,0.29094,1.7222e+11,1.3201e+11,-1.4944e+09,-13728,21348,784.1,-3.2661e+11,-7.2994e+11,1.0331e+10,11767,-4716.8,-243.74,2.8759e+11,-1.4761e+12,1.4211e+10,8948,1816.8,-388.06,2.5476e+12,1.5301e+12,-2.7324e+10,-3556,5520.6,66.475,4.3348e+12,-1.1224e+12,-7.68e+10,1326.3,5293.3,-140.18,1.7743e+12,-4.7192e+12,-8.7235e+09,5204.7,750.68,-1607.3
2.3037e+07,-1.091e+08,1.1104e+09,-8.684e+06,-13.58,3.4772,0.34648,-3.4517e+10,-5.375e+10,-1.335e+09,32873,-24640,-5030.2,-7.4893e+10,7.8167e+10,5.3642e+09,-25275,-24550,1121.2,-1.6358e+10,1.4731e+11,-1.8266e+07,-30102,-3406.2,0.41829,1.6777e+11,1.3866e+11,-1.246e+09,-14427,20796,789.7,-3.2289e+11,-7.3142e+11,1.0254e+10,11793,-4657.1,-244.58,2.9041e+11,-1.4755e+12,1.4089e+10,8944.5,1835,-388.24,2.5465e+12,1.5318e+12,-2.7303e+10,-3560.1,5518.2,66.519,4.3352e+12,-1.1207e+12,-7.6844e+10,1324.3,5293.9,-140.14,1.7759e+12,-4.719e+12,-9.2307e+09,5204.1,752.22,-1607.3
2.3353e+07,-1.1339e+08,1.1115e+09,-8.5744e+06,-13.611,3.4255,0.34773,-2.3403e+10,-6.0154e+10,-2.8782e+09,37256,-15835,-4712.9,-8.2458e+10,7.0025e+10,5.6889e+09,-22627,-27010,934.64,-2.5817e+10,1.4593e+11,-1.8114e+07,-29826,-5320.9,0.54535,1.6311e+11,1.4513e+11,-9.9606e+08,-15102,20222,794.24,-3.1917e+11,-7.3288e+11,1.0176e+10,11819,-4597.3,-245.42,2.9323e+11,-1.4749e+12,1.3966e+10,8940.9,1853.1,-388.41,2.5454e+12,1.5336e+12,-2.7282e+10,-3564.2,5515.7,66.562,4.3356e+12,-1.1191e+12,-7.6888e+10,1322.2,5294.4,-140.1,1.7775e+12,-4.7188e+12,-9.7379e+09,5203.6,753.77,-1607.3
2.3668e+07,-1.1769e+08,1.1126e+09,-8.4645e+06,-13.643,3.3728,0.34896,-1.12e+10,-6.3689e+10,-4.2869e+09,39808,-6517.6,-4185.7,-8.9149e+10,6.1151e+10,5.9531e+09,-19740,-29182,738.26,-3.5169e+10,1.4395e+11,-1.7922e+07,-29427,-7213.8,0.67156,1.5825e+11,1.5142e+11,-7.4484e+08,-15752,19627,797.72,-3.1543e+11,-7.3432e+11,1.0099e+10,11845,-4537.3,-246.24,2.9605e+11,-1.4743e+12,1.3844e+10,8937.2,1871.3,-388.58,2.5442e+12,1.5353e+12,-2.7261e+10,-3568.2,5513.3,66.606,4.336e+12,-1.1174e+12,-7.6932e+10,1320.2,5294.9,-140.07,1.7792e+12,-4.7185e+12,-1.0245e+10,5203,755.31,-1607.3
2.3984e+07,-1.2201e+08,1.1136e+09,-8.3542e+06,-13.676,3.319,0.35016,1.5262e+09,-6.4234e+10,-5.4993e+09,40503,3081.3,-3465,-9.4895e+10,5.1639e+10,6.1541e+09,-16646,-31043,534.18,-4.4377e+10,1.4138e+11,-1.7691e+07,-28905,-9076.7,0.79638,1.5318e+11,1.5752e+11,-4.9269e+08,-16376,19013,800.17,-3.1169e+11,-7.3574e+11,1.0021e+10,11871,-4477.2,-247.07,2.9887e+11,-1.4738e+12,1.3721e+10,8933.5,1889.4,-388.75,2.5431e+12,1.5371e+12,-2.724e+10,-3572.3,5510.8,66.649,4.3365e+12,-1.1157e+12,-7.6976e+10,1318.2,5295.4,-140.03,1.7808e+12,-4.7183e+12,-1.0752e+10,5202.4,756.85,-1607.3
2.4299e+07,-1.2633e+08,1.1147e+09,-8.2435e+06,-13.708,3.2642,0.35135,1.417e+10,-6.1725e+10,-6.4545e+09,39280,12803,-2558.5,-9.9637e+10,4.1592e+10,6.2897e+09,-13379,-32574,324.62,-5.34e+10,1.3823e+11,-1.742e+07,-28263,-10902,0.91927,1.4791e+11,1.6342e+11,-2.3992e+08,-16973,18381,801.59,-3.0794e+11,-7.3715e+11,9.9428e+09,11896,-4416.9,-247.88,3.0169e+11,-1.4732e+12,1.3598e+10,8929.8,1907.6,-388.92,2.542e+12,1.5388e+12,-2.7219e+10,-3576.4,5508.4,66.693,4.3369e+12,-1.114e+12,-7.7021e+10,1316.2,5295.9,-140,1.7825e+12,-4.7181e+12,-1.126e+10,5201.8,758.39,-1607.3
2.4615e+07,-1.3066e+08,1.1157e+09,-8.1324e+06,-13.74,3.2083,0.35251,2.6101e+10,-5.6166e+10,-7.0952e+09,36025,22404,-1475.3,-1.0332e+11,3.1117e+10,6.3586e+09,-9973.6,-33758,111.87,-6.2203e+10,1.345e+11,-1.7111e+07,-27505,-12680,1.0397,1.4247e+11,1.6912e+11,1.313e+07,-17545,17732,802,-3.0418e+11,-7.3853e+11,9.8645e+09,11921,-4356.5,-248.69,3.0451e+11,-1.4725e+12,1.3475e+10,8926.1,1925.7,-389.08,2.5409e+12,1.5405e+12,-2.7198e+10,-3580.4,5505.9,66.736,4.3373e+12,-1.1124e+12,-7.7065e+10,1314.1,5296.5,-139.96,1.7841e+12,-4.7178e+12,-1.1767e+10,5201.2,759.93,-1607.3
2.4931e+07,-1.35e+08,1.1167e+09,-8.021e+06,-13.773,3.1512,0.35364,3.6668e+10,-4.7638e+10,-7.3681e+09,30588,31540,-230.01,-1.0592e+11,2.0324e+10,6.3602e+09,-6467.4,-34583,-101.79,-7.0748e+10,1.3023e+11,-1.6764e+07,-26633,-14406,1.1572,1.3684e+11,1.7461e+11,2.6616e+08,-18089,17067,801.43,-3.0042e+11,-7.399e+11,9.7859e+09,11946,-4295.9,-249.5,3.0732e+11,-1.4719e+12,1.3353e+10,8922.3,1943.8,-389.25,2.5397e+12,1.5423e+12,-2.7177e+10,-3584.5,5503.4,66.78,4.3377e+12,-1.1107e+12,-7.7109e+10,1312.1,5297,-139.92,1.7858e+12,-4.7176e+12,-1.2274e+10,5200.6,761.47,-1607.3
2.5246e+07,-1.3935e+08,1.1177e+09,-7.9092e+06,-13.805,3.0931,0.35473,4.5136e+10,-3.6347e+10,-7.2228e+09,22721,39765,1163.8,-1.074e+11,9.3277e+09,6.2945e+09,-2898,-35043,-314.08,-7.9e+10,1.2542e+11,-1.6381e+07,-25651,-16070,1.2712,1.3105e+11,1.7989e+11,5.1885e+08,-18606,16388,799.88,-2.9664e+11,-7.4124e+11,9.707e+09,11970,-4235.2,-250.3,3.1014e+11,-1.4713e+12,1.323e+10,8918.5,1961.9,-389.41,2.5386e+12,1.544e+12,-2.7156e+10,-3588.5,5501,66.823,4.3381e+12,-1.109e+12,-7.7153e+10,1310.1,5297.5,-139.89,1.7874e+12,-4.7173e+12,-1.2781e+10,5200.1,763.01,-1607.3
2.5562e+07,-1.4371e+08,1.1186e+09,-7.7971e+06,-13.837,3.0341,0.35579,5.0719e+10,-2.2707e+10,-6.6207e+09,12216,46333,2664.2,-1.0775e+11,-1.7546e+09,6.1623e+09,695.93,-35132,-522.7,-8.6927e+10,1.2009e+11,-1.5962e+07,-24565,-17666,1.3812,1.251e+11,1.8495e+11,7.7091e+08,-19096,15695,797.39,-2.9286e+11,-7.4257e+11,9.6279e+09,11995,-4174.3,-251.09,3.1295e+11,-1.4707e+12,1.3107e+10,8914.6,1980.1,-389.57,2.5375e+12,1.5458e+12,-2.7135e+10,-3592.6,5498.5,66.866,4.3385e+12,-1.1074e+12,-7.7197e+10,1308.1,5298,-139.85,1.789e+12,-4.7171e+12,-1.3289e+10,5199.5,764.55,-1607.3
2.5877e+07,-1.4808e+08,1.1196e+09,-7.6847e+06,-13.868,2.9742,0.35683,5.2588e+10,-7.3855e+09,-5.5406e+09,-852.59,50302,4187.4,-1.0696e+11,-1.2807e+10,5.9652e+09,4276.1,-34852,-725.46,-9.4494e+10,1.1428e+11,-1.5509e+07,-23378,-19186,1.4869,1.19e+11,1.8979e+11,1.022e+09,-19559,14990,793.97,-2.8907e+11,-7.4388e+11,9.5485e+09,12018,-4113.3,-251.88,3.1577e+11,-1.4701e+12,1.2984e+10,8910.7,1998.2,-389.74,2.5363e+12,1.5475e+12,-2.7114e+10,-3596.6,5496,66.91,4.3389e+12,-1.1057e+12,-7.7241e+10,1306.1,5298.5,-139.82,1.7907e+12,-4.7169e+12,-1.3796e+10,5198.9,766.09,-1607.3
2.6193e+07,-1.5246e+08,1.1205e+09,-7.5719e+06,-13.899,2.9136,0.35786,4.9959e+10,8.6245e+09,-3.9915e+09,-16079,50386,5591.1,-1.0505e+11,-2.3713e+10,5.7053e+09,7804.6,-34206,-920.22,-1.0167e+11,1.0799e+11,-1.5024e+07,-22097,-20626,1.5877,1.1276e+11,1.9441e+11,1.2719e+09,-19994,14274,789.64,-2.8528e+11,-7.4517e+11,9.4689e+09,12042,-4052.1,-252.66,3.1858e+11,-1.4694e+12,1.2861e+10,8906.8,2016.3,-389.89,2.5352e+12,1.5492e+12,-2.7092e+10,-3600.7,5493.6,66.953,4.3394e+12,-1.104e+12,-7.7286e+10,1304,5299.1,-139.78,1.7923e+12,-4.7166e+12,-1.4303e+10,5198.3,767.63,-1607.3
2.6508e+07,-1.5685e+08,1.1214e+09,-7.4588e+06,-13.929,2.8528,0.35892,4.2344e+10,2.384e+10,-2.05e+09,-32179,45025,6630,-1.0205e+11,-3.4358e+10,5.3855e+09,11244,-33203,-1105,-1.0843e+11,1.0127e+11,-1.4508e+07,-20727,-21978,1.6833,1.0639e+11,1.988e+11,1.5203e+09,-20402,13548,784.43,-2.8147e+11,-7.4643e+11,9.3891e+09,12065,-3990.8,-253.43,3.2139e+11,-1.4688e+12,1.2738e+10,8902.8,2034.4,-390.05,2.5341e+12,1.551e+12,-2.7071e+10,-3604.7,5491.1,66.996,4.3398e+12,-1.1023e+12,-7.733e+10,1302,5299.6,-139.74,1.794e+12,-4.7164e+12,-1.481e+10,5197.7,769.17,-1607.3
2.6824e+07,-1.6126e+08,1.1223e+09,-7.3454e+06,-13.96,2.7917,0.36006,2.9803e+10,3.6359e+10,1.2317e+08,-46771,33275,7008.5,-9.797e+10,-4.4633e+10,5.0092e+09,14559,-31854,-1277.8,-1.1474e+11,9.413e+10,-1.3962e+07,-19274,-23237,1.7732,9.9886e+10,2.0296e+11,1.7669e+09,-20782,12813,778.36,-2.7766e+11,-7.4768e+11,9.309e+09,12088,-3929.3,-254.2,3.242e+11,-1.4682e+12,1.2615e+10,8898.8,2052.5,-390.21,2.5329e+12,1.5527e+12,-2.705e+10,-3608.8,5488.6,67.039,4.3402e+12,-1.1007e+12,-7.7374e+10,1300,5300.1,-139.71,1.7956e+12,-4.7161e+12,-1.5317e+10,5197.1,770.71,-1607.3
2.714e+07,-1.6567e+08,1.1232e+09,-7.2315e+06,-13.991,2.7303,0.36131,1.3365e+10,4.423e+10,2.2739e+09,-56309,15807,6456.2,-9.2873e+10,-5.4429e+10,4.5805e+09,17715,-30176,-1436.8,-1.2059e+11,8.6611e+10,-1.3389e+07,-17745,-24399,1.8571,9.3272e+10,2.0688e+11,2.0115e+09,-21134,12070,771.45,-2.7384e+11,-7.4891e+11,9.2286e+09,12111,-3867.7,-254.96,3.27e+11,-1.4675e+12,1.2492e+10,8894.8,2070.5,-390.36,2.5318e+12,1.5544e+12,-2.7029e+10,-3612.8,5486.1,67.083,4.3406e+12,-1.099e+12,-7.7418e+10,1298,5300.6,-139.67,1.7972e+12,-4.7159e+12,-1.5825e+10,5196.5,772.25,-1607.3
2.7455e+07,-1.7009e+08,1.124e+09,-7.1173e+06,-14.022,2.6682,0.36267,-4.9411e+09,4.6042e+10,4.101e+09,-58334,-4400.6,4990.7,-8.6809e+10,-6.3646e+10,4.1039e+09,20680,-28188,-1580.6,-1.2594e+11,7.8742e+10,-1.2791e+07,-16146,-25458,1.9347,8.655e+10,2.1058e+11,2.2537e+09,-21459,11321,763.72,-2.7002e+11,-7.5013e+11,9.1481e+09,12133,-3806,-255.72,3.2981e+11,-1.4668e+12,1.2368e+10,8890.7,2088.6,-390.52,2.5306e+12,1.5562e+12,-2.7008e+10,-3616.9,5483.7,67.126,4.341e+12,-1.0973e+12,-7.7462e+10,1295.9,5301.1,-139.64,1.7989e+12,-4.7156e+12,-1.6332e+10,5196,773.79,-1607.3
2.7771e+07,-1.7452e+08,1.1249e+09,-7.0026e+06,-14.054,2.6047,0.36408,-2.2594e+10,4.1612e+10,5.3581e+09,-52335,-23152,2908.1,-7.9844e+10,-7.2189e+10,3.5846e+09,23423,-25910,-1707.7,-1.3077e+11,7.0555e+10,-1.2169e+07,-14485,-26411,2.0057,7.9731e+10,2.1403e+11,2.4934e+09,-21757,10565,755.21,-2.6619e+11,-7.5132e+11,9.0672e+09,12155,-3744.1,-256.47,3.3261e+11,-1.4662e+12,1.2245e+10,8886.6,2106.7,-390.67,2.5295e+12,1.5579e+12,-2.6987e+10,-3620.9,5481.2,67.169,4.3414e+12,-1.0957e+12,-7.7506e+10,1293.9,5301.6,-139.6,1.8005e+12,-4.7154e+12,-1.6839e+10,5195.4,775.32,-1607.3
2.8086e+07,-1.7896e+08,1.1257e+09,-6.8875e+06,-14.087,2.5394,0.36547,-3.7378e+10,3.1935e+10,5.9232e+09,-40659,-37215,687.85,-7.2052e+10,-7.9971e+10,3.028e+09,25917,-23369,-1816.8,-1.3507e+11,6.2084e+10,-1.1526e+07,-12770,-27253,2.0699,7.2821e+10,2.1724e+11,2.7303e+09,-22028,9805.5,745.94,-2.6235e+11,-7.5249e+11,8.9862e+09,12177,-3682.1,-257.21,3.3542e+11,-1.4655e+12,1.2122e+10,8882.5,2124.8,-390.82,2.5284e+12,1.5596e+12,-2.6965e+10,-3625,5478.7,67.212,4.3418e+12,-1.094e+12,-7.755e+10,1291.9,5302.1,-139.56,1.8022e+12,-4.7151e+12,-1.7346e+10,5194.8,776.86,-1607.2
2.8402e+07,-1.8341e+08,1.1265e+09,-6.772e+06,-14.119,2.472,0.36677,-4.7969e+10,1.8733e+10,5.8156e+09,-26223,-45520,-1315.1,-6.3515e+10,-8.6913e+10,2.4399e+09,28138,-20591,-1906.8,-1.3883e+11,5.3365e+10,-1.0863e+07,-11007,-27983,2.127,6.583e+10,2.2022e+11,2.9642e+09,-22272,9041.8,735.92,-2.585e+11,-7.5364e+11,8.9049e+09,12198,-3620,-257.95,3.3822e+11,-1.4648e+12,1.1998e+10,8878.3,2142.8,-390.97,2.5272e+12,1.5613e+12,-2.6944e+10,-3629,5476.2,67.255,4.3422e+12,-1.0923e+12,-7.7594e+10,1289.9,5302.6,-139.53,1.8038e+12,-4.7149e+12,-1.7853e+10,5194.2,778.4,-1607.2
2.8717e+07,-1.8787e+08,1.1272e+09,-6.656e+06,-14.15,2.4028,0.36795,-5.3909e+10,3.7694e+09,5.1375e+09,-11543,-48508,-2906,-5.4324e+10,-9.2945e+10,1.8266e+09,30064,-17606,-1977,-1.4202e+11,4.4435e+10,-1.0184e+07,-9203.5,-28597,2.1767,5.8767e+10,2.2295e+11,3.1947e+09,-22489,8275.3,725.19,-2.5465e+11,-7.5477e+11,8.8234e+09,12220,-3557.7,-258.68,3.4102e+11,-1.4642e+12,1.1875e+10,8874.1,2160.9,-391.11,2.5261e+12,1.5631e+12,-2.6923e+10,-3633,5473.7,67.298,4.3426e+12,-1.0906e+12,-7.7638e+10,1287.8,5303.1,-139.49,1.8054e+12,-4.7147e+12,-1.8361e+10,5193.6,779.93,-1607.2
2.9033e+07,-1.9234e+08,1.128e+09,-6.5398e+06,-14.18,2.3319,0.36899,-5.5377e+10,-1.1445e+10,4.0285e+09,1982.4,-47327,-4050.2,-4.4573e+10,-9.8007e+10,1.1943e+09,31675,-14445,-2026.6,-1.4463e+11,3.5329e+10,-9.4902e+06,-7368.3,-29094,2.219,5.1639e+10,2.2544e+11,3.4218e+09,-22680,7506.7,713.77,-2.5079e+11,-7.5589e+11,8.7416e+09,12240,-3495.3,-259.41,3.4382e+11,-1.4635e+12,1.1752e+10,8869.9,2178.9,-391.26,2.5249e+12,1.5648e+12,-2.6902e+10,-3637.1,5471.2,67.341,4.343e+12,-1.089e+12,-7.7682e+10,1285.8,5303.7,-139.46,1.8071e+12,-4.7144e+12,-1.8868e+10,5193,781.47,-1607.2
2.9349e+07,-1.9682e+08,1.1287e+09,-6.4232e+06,-14.209,2.2597,0.36991,-5.2857e+10,-2.578e+10,2.6257e+09,13638,-43096,-4773.8,-3.4366e+10,-1.0205e+11,5.497e+08,32958,-11142,-2055.3,-1.4666e+11,2.6084e+10,-8.7842e+06,-5508.8,-29473,2.2538,4.4455e+10,2.2769e+11,3.6451e+09,-22845,6737.1,701.69,-2.4692e+11,-7.5698e+11,8.6597e+09,12261,-3432.8,-260.13,3.4662e+11,-1.4628e+12,1.1628e+10,8865.6,2196.9,-391.4,2.5238e+12,1.5665e+12,-2.6881e+10,-3641.1,5468.7,67.384,4.3434e+12,-1.0873e+12,-7.7726e+10,1283.8,5304.2,-139.42,1.8087e+12,-4.7142e+12,-1.9375e+10,5192.4,783,-1607.2
2.9664e+07,-2.0131e+08,1.1294e+09,-6.3063e+06,-14.236,2.1865,0.37071,-4.6986e+10,-3.8422e+10,1.0538e+09,23218,-36724,-5131.9,-2.3808e+10,-1.0503e+11,-1.0064e+08,33900,-7729.7,-2062.8,-1.4811e+11,1.6739e+10,-8.0685e+06,-3632.7,-29731,2.2808,3.7223e+10,2.2969e+11,3.8646e+09,-22984,5967.2,688.96,-2.4305e+11,-7.5805e+11,8.5775e+09,12281,-3370.1,-260.84,3.4942e+11,-1.4621e+12,1.1505e+10,8861.3,2215,-391.54,2.5226e+12,1.5682e+12,-2.6859e+10,-3645.2,5466.2,67.427,4.3438e+12,-1.0856e+12,-7.777e+10,1281.7,5304.7,-139.38,1.8104e+12,-4.7139e+12,-1.9882e+10,5191.8,784.54,-1607.2
2.998e+07,-2.058e+08,1.1301e+09,-6.1892e+06,-14.262,2.1123,0.3714,-3.8425e+10,-4.8803e+10,-5.8027e+08,30693,-28883,-5177,-1.3007e+10,-1.0692e+11,-7.5002e+08,34492,-4244,-2049.2,-1.4896e+11,7.3319e+09,-7.3455e+06,-1747.7,-29870,2.3001,2.9951e+10,2.3145e+11,4.0799e+09,-23097,5197.8,675.62,-2.3917e+11,-7.5911e+11,8.495e+09,12301,-3307.3,-261.55,3.5221e+11,-1.4614e+12,1.1381e+10,8856.9,2233,-391.68,2.5215e+12,1.57e+12,-2.6838e+10,-3649.2,5463.7,67.47,4.3442e+12,-1.0839e+12,-7.7814e+10,1279.7,5305.2,-139.35,1.812e+12,-4.7137e+12,-2.0389e+10,5191.3,786.07,-1607.2
3.0295e+07,-2.1031e+08,1.1308e+09,-6.0719e+06,-14.286,2.0374,0.37198,-2.7827e+10,-5.6547e+10,-2.1856e+09,36109,-20043,-4951.4,-2.0749e+09,-1.077e+11,-1.3918e+09,34731,-719.82,-2014.6,-1.4921e+11,-2.1004e+09,-6.6176e+06,138.33,-29889,2.3117,2.2648e+10,2.3297e+11,4.291e+09,-23185,4429.8,661.69,-2.3529e+11,-7.6014e+11,8.4124e+09,12321,-3244.4,-262.25,3.5501e+11,-1.4607e+12,1.1257e+10,8852.6,2251,-391.82,2.5203e+12,1.5717e+12,-2.6817e+10,-3653.2,5461.2,67.513,4.3446e+12,-1.0823e+12,-7.7858e+10,1277.7,5305.7,-139.31,1.8136e+12,-4.7134e+12,-2.0897e+10,5190.7,787.6,-1607.2
3.0611e+07,-2.1482e+08,1.1314e+09,-5.9544e+06,-14.309,1.9619,0.37247,-1.584e+10,-6.1383e+10,-3.6808e+09,39542,-10527,-4488.8,8.876e+09,-1.0737e+11,-2.0194e+09,34613,2806.9,-1959.4,-1.4887e+11,-1.152e+10,-5.8873e+06,2017.8,-29789,2.3154,1.532e+10,2.3425e+11,4.4975e+09,-23249,3663.8,647.2,-2.3139e+11,-7.6115e+11,8.3295e+09,12340,-3181.4,-262.94,3.578e+11,-1.46e+12,1.1134e+10,8848.1,2269,-391.96,2.5192e+12,1.5734e+12,-2.6795e+10,-3657.2,5458.6,67.556,4.345e+12,-1.0806e+12,-7.7902e+10,1275.7,5306.2,-139.27,1.8153e+12,-4.7132e+12,-2.1404e+10,5190.1,789.14,-1607.2
3.0926e+07,-2.1934e+08,1.132e+09,-5.8368e+06,-14.33,1.8859,0.37287,-3.0836e+09,-6.3149e+10,-4.9957e+09,40990,-628.87,-3812.8,1.9734e+10,-1.0593e+11,-2.6264e+09,34143,6301,-1884.3,-1.4794e+11,-2.0889e+10,-5.157e+06,3883.3,-29571,2.3115,7.977e+09,2.3529e+11,4.6994e+09,-23287,2900.5,632.16,-2.275e+11,-7.6215e+11,8.2464e+09,12359,-3118.2,-263.63,3.6059e+11,-1.4593e+12,1.101e+10,8843.7,2287,-392.1,2.518e+12,1.5751e+12,-2.6774e+10,-3661.3,5456.1,67.599,4.3455e+12,-1.0789e+12,-7.7946e+10,1273.6,5306.7,-139.24,1.8169e+12,-4.7129e+12,-2.1911e+10,5189.5,790.67,-1607.2
3.1242e+07,-2.2386e+08,1.1326e+09,-5.7191e+06,-14.35,1.8096,0.37319,9.8166e+09,-6.1762e+10,-6.0661e+09,40418,9424.7,-2938.8,3.0389e+10,-1.034e+11,-3.2066e+09,33324,9727.5,-1790,-1.4642e+11,-3.0171e+10,-4.4292e+06,5727.4,-29236,2.3,6.2514e+08,2.3608e+11,4.8964e+09,-23302,2140.8,616.6,-2.2359e+11,-7.6312e+11,8.1631e+09,12378,-3054.9,-264.31,3.6338e+11,-1.4585e+12,1.0886e+10,8839.2,2305,-392.23,2.5169e+12,1.5769e+12,-2.6753e+10,-3665.3,5453.6,67.641,4.3459e+12,-1.0772e+12,-7.799e+10,1271.6,5307.2,-139.2,1.8185e+12,-4.7127e+12,-2.2418e+10,5188.9,792.2,-1607.2
3.1558e+07,-2.2839e+08,1.1331e+09,-5.6013e+06,-14.368,1.7332,0.37342,2.2205e+10,-5.721e+10,-6.8309e+09,37739,19390,-1878.8,4.0731e+10,-9.9805e+10,-3.7543e+09,32166,13052,-1677.6,-1.4433e+11,-3.933e+10,-3.7062e+06,7542.9,-28787,2.2808,-6.7276e+09,2.3664e+11,5.0885e+09,-23293,1385.2,600.54,-2.1968e+11,-7.6408e+11,8.0796e+09,12396,-2991.5,-264.98,3.6617e+11,-1.4578e+12,1.0762e+10,8834.7,2323,-392.37,2.5157e+12,1.5786e+12,-2.6731e+10,-3669.3,5451.1,67.684,4.3463e+12,-1.0756e+12,-7.8034e+10,1269.6,5307.7,-139.16,1.8202e+12,-4.7124e+12,-2.2925e+10,5188.3,793.74,-1607.2
